# Episode 1 (Trapped)
[12,2], [12,3], [11,4], [10,5], [9,6], [9,7], [9,8], [9,9], [10,10], [11,11], [12,12], [13,13], [14,14], [13,15], [14,16], [15,17], [15,18], [15,19], [15,20], [15,21], [15,22], [15,23], [15,24], [16,25], [17,26], [17,27], [17,28], [18,29], [19,30], [20,31], [21,30], [20,31], [21,30], [20,31], 
# Episode 2 (Trapped)
[12,2], [12,3], [11,4], [10,5], [9,6], [9,7], [9,8], [9,9], [10,10], [10,11], [11,12], [12,13], [13,14], [14,15], [13,16], [14,17], [15,18], [15,19], [15,20], [15,21], [15,22], [15,23], [15,24], [16,25], [17,26], [17,27], [17,28], [18,29], [19,30], [20,31], [21,30], [20,31], [21,30], [20,31], 
# Episode 3 (Trapped)
[12,2], [12,3], [11,4], [10,5], [9,6], [9,7], [9,8], [9,9], [10,10], [10,11], [11,12], [12,13], [13,14], [14,15], [13,16], [14,17], [15,18], [15,19], [15,20], [15,21], [15,22], [15,23], [15,24], [16,25], [17,26], [17,27], [17,28], [18,29], [19,30], [20,31], [21,30], [20,31], [21,30], [20,31], 
# Episode 4 (Trapped)
[12,2], [12,3], [11,4], [10,5], [9,6], [9,7], [9,8], [9,9], [10,10], [11,11], [12,12], [13,13], [14,14], [13,15], [14,16], [15,17], [15,18], [15,19], [15,20], [15,21], [15,22], [15,23], [15,24], [16,25], [17,26], [17,27], [17,28], [18,29], [19,30], [20,31], [21,30], [20,31], [21,30], [20,31], 
# Episode 5 (Trapped)
[12,2], [12,3], [11,4], [10,5], [9,6], [9,7], [9,8], [9,9], [10,10], [11,11], [12,12], [12,13], [12,14], [13,15], [14,16], [15,17], [15,18], [15,19], [15,20], [15,21], [15,22], [15,23], [15,24], [16,25], [17,26], [17,27], [17,28], [18,29], [19,30], [20,31], [21,30], [20,31], [21,30], [20,31], 
# Episode 6 (Trapped)
[12,2], [12,3], [11,4], [10,5], [9,6], [9,7], [9,8], [9,9], [10,10], [11,11], [12,12], [12,13], [12,14], [13,15], [14,16], [15,17], [15,18], [15,19], [15,20], [15,21], [15,22], [15,23], [15,24], [16,25], [17,26], [17,27], [17,28], [18,29], [19,30], [20,31], [21,30], [20,31], [21,30], [20,31], 
# Episode 7 (Trapped)
[12,2], [12,3], [11,4], [10,5], [9,6], [9,7], [9,8], [9,9], [10,10], [11,11], [12,12], [12,13], [13,14], [14,15], [13,16], [14,17], [15,18], [15,19], [15,20], [15,21], [15,22], [15,23], [15,24], [16,25], [17,26], [17,27], [17,28], [18,29], [19,30], [20,31], [21,30], [20,31], [21,30], [20,31], 
# Episode 8 (Trapped)
[12,2], [12,3], [11,4], [10,5], [9,6], [9,7], [9,8], [9,9], [10,10], [11,11], [12,11], [13,12], [13,13], [14,13], [15,14], [14,15], [13,16], [14,17], [15,18], [15,19], [15,20], [15,21], [15,22], [15,23], [15,24], [16,25], [17,26], [17,27], [17,28], [18,29], [19,30], [20,31], [21,30], [20,31], [21,30], [20,31], 
# Episode 9 (Trapped)
[12,2], [12,3], [11,4], [10,5], [9,6], [9,7], [9,8], [9,9], [10,10], [11,11], [12,11], [13,12], [13,13], [14,13], [15,14], [14,15], [13,16], [14,17], [15,18], [15,19], [15,20], [15,21], [15,22], [15,23], [15,24], [16,25], [17,26], [17,27], [17,28], [18,29], [19,30], [20,31], [21,30], [20,31], [21,30], [20,31], 
# Episode 10 (Trapped)
[12,2], [12,3], [11,4], [10,5], [9,6], [9,7], [9,8], [9,9], [10,10], [9,11], [8,12], [9,13], [10,14], [11,15], [12,16], [13,17], [14,18], [15,19], [15,20], [15,21], [15,22], [15,23], [15,24], [16,25], [17,26], [17,27], [17,28], [18,29], [19,30], [20,31], [21,30], [20,31], [21,30], [20,31], 
# Episode 11 (Trapped)
[12,2], [12,3], [11,4], [10,5], [9,6], [9,7], [9,8], [9,9], [10,10], [9,11], [8,12], [9,13], [10,14], [11,15], [12,16], [13,17], [14,18], [15,19], [15,20], [15,21], [15,22], [15,23], [15,24], [16,25], [17,26], [17,27], [17,28], [18,29], [19,30], [20,31], [21,30], [20,31], [21,30], [20,31], 
# Episode 12 (Trapped)
[12,2], [12,3], [11,4], [10,5], [9,6], [9,7], [9,8], [9,9], [10,10], [11,11], [12,11], [13,12], [13,13], [14,13], [15,14], [14,15], [13,16], [14,17], [15,18], [15,19], [15,20], [15,21], [15,22], [15,23], [15,24], [16,25], [17,26], [17,27], [17,28], [18,29], [19,30], [20,31], [21,30], [20,31], [21,30], [20,31], 
# Episode 13 (Trapped)
[12,2], [12,3], [11,4], [10,5], [9,6], [9,7], [9,8], [9,9], [10,10], [11,11], [12,12], [12,13], [13,14], [14,15], [13,16], [14,17], [15,18], [15,19], [15,20], [15,21], [15,22], [15,23], [15,24], [16,25], [17,26], [17,27], [17,28], [18,29], [19,30], [20,31], [21,30], [20,31], [21,30], [20,31], 
# Episode 14 (Trapped)
[12,2], [12,3], [11,4], [10,5], [9,6], [9,7], [9,8], [9,9], [10,10], [11,11], [12,12], [12,13], [13,14], [14,15], [13,16], [14,17], [15,18], [15,19], [15,20], [15,21], [15,22], [15,23], [15,24], [16,25], [17,26], [17,27], [17,28], [18,29], [19,30], [20,31], [21,30], [20,31], [21,30], [20,31], 
# Episode 15 (Trapped)
[12,2], [12,3], [11,4], [10,5], [9,6], [9,7], [9,8], [9,9], [10,10], [11,11], [12,12], [12,13], [12,14], [13,15], [14,16], [15,17], [15,18], [15,19], [15,20], [15,21], [15,22], [15,23], [15,24], [16,25], [17,26], [17,27], [17,28], [18,29], [19,30], [20,31], [21,30], [20,31], [21,30], [20,31], 
# Episode 16 (Trapped)
[12,2], [12,3], [11,4], [10,5], [9,6], [9,7], [9,8], [9,9], [10,10], [11,11], [12,12], [12,13], [12,14], [13,15], [14,16], [15,17], [15,18], [15,19], [15,20], [15,21], [15,22], [15,23], [15,24], [16,25], [17,26], [17,27], [17,28], [18,29], [19,30], [20,31], [21,30], [20,31], [21,30], [20,31], 
# Episode 17 (Trapped)
[12,2], [12,3], [11,4], [10,5], [9,6], [9,7], [9,8], [9,9], [10,10], [11,11], [12,12], [13,13], [14,14], [13,15], [14,16], [15,17], [15,18], [15,19], [15,20], [15,21], [15,22], [15,23], [15,24], [16,25], [17,26], [17,27], [17,28], [18,29], [19,30], [20,31], [21,30], [20,31], [21,30], [20,31], 
# Episode 18 (Trapped)
[12,2], [12,3], [11,4], [10,5], [9,6], [9,7], [9,8], [9,9], [10,10], [10,11], [11,12], [12,13], [13,14], [14,15], [13,16], [14,17], [15,18], [15,19], [15,20], [15,21], [15,22], [15,23], [15,24], [16,25], [17,26], [17,27], [17,28], [18,29], [19,30], [20,31], [21,30], [20,31], [21,30], [20,31], 
# Episode 19 (Trapped)
[12,2], [12,3], [11,4], [10,5], [9,6], [9,7], [9,8], [9,9], [10,10], [10,11], [11,12], [12,13], [13,14], [14,15], [13,16], [14,17], [15,18], [15,19], [15,20], [15,21], [15,22], [15,23], [15,24], [16,25], [17,26], [17,27], [17,28], [18,29], [19,30], [20,31], [21,30], [20,31], [21,30], [20,31], 
# Episode 20 (Trapped)
[12,2], [12,3], [11,4], [10,5], [9,6], [9,7], [9,8], [9,9], [10,10], [11,11], [12,12], [13,13], [14,14], [13,15], [14,16], [15,17], [15,18], [15,19], [15,20], [15,21], [15,22], [15,23], [15,24], [16,25], [17,26], [17,27], [17,28], [18,29], [19,30], [20,31], [21,30], [20,31], [21,30], [20,31], 
