# Episode 1 (Collision)
[12,2], [12,3], [12,4], [12,5], [12,6], [12,7], [12,8], [12,9], [13,10], [14,11], [15,12], [16,13], [17,14], [18,15], [19,16], [20,16], [21,17], [22,17], [23,18], [24,18], [25,19], [25,20], [26,21], [26,22], [27,23]
# Episode 2 (Goal)
[12,2], [13,3], [14,4], [15,5], [16,5], [17,5], [18,6], [18,7], [18,8], [18,9], [19,10], [19,11], [20,12], [21,13], [22,14], [23,15], [24,16], [24,17], [25,18], [25,19], [25,20], [26,21], [26,22], [27,23], [27,24], [27,25], [27,26], [27,27], [26,28], [26,28], [25,29], [24,29], [23,30]
# Episode 3 (Goal)
[12,2], [12,3], [12,4], [12,5], [12,6], [12,7], [12,8], [13,9], [14,10], [14,11], [15,12], [15,13], [15,14], [16,15], [16,16], [17,17], [17,18], [18,17], [19,17], [20,17], [21,17], [22,17], [23,17], [24,17], [25,18], [26,19], [27,19], [26,18], [26,19], [26,20], [26,21], [26,22], [26,23], [26,24], [26,25], [27,26], [26,27], [26,27], [25,28], [24,29], [23,30]
# Episode 4 (Goal)
[12,2], [12,3], [12,4], [12,5], [12,6], [12,7], [12,8], [13,9], [14,10], [14,11], [15,12], [15,13], [15,14], [16,15], [16,16], [17,17], [17,18], [18,17], [19,17], [20,17], [21,17], [22,17], [23,17], [24,18], [25,19], [25,20], [26,21], [26,22], [26,23], [26,24], [26,25], [27,26], [26,27], [25,28], [24,29], [23,30]
# Episode 5 (Goal)
[12,2], [12,3], [12,4], [12,5], [12,6], [12,7], [12,8], [13,9], [14,10], [15,11], [16,12], [17,13], [18,14], [19,15], [20,16], [21,17], [22,17], [23,18], [24,18], [25,19], [25,20], [25,21], [26,22], [27,23], [27,24], [27,25], [27,26], [26,27], [25,28], [24,29], [23,30]
# Episode 6 (Collision)
[12,2], [12,3], [12,4], [12,5], [12,6], [12,7], [12,8], [13,9], [14,10], [14,11], [15,12], [15,13], [16,14], [17,15], [18,15], [19,16], [20,16], [21,17], [22,17], [23,18], [24,18], [25,19], [26,20], [26,21], [27,22], [27,23]
# Episode 7 (Collision)
[12,2], [13,3], [14,4], [15,5], [16,5], [17,5], [18,6], [18,7], [18,8], [18,9], [18,10], [18,11], [19,12], [20,13], [21,14], [22,15], [23,16], [24,17], [25,18], [26,19], [27,20], [28,21], [28,22], [29,21], [29,22], [28,23]
# Episode 8 (Trapped)
[12,2], [13,3], [13,4], [13,5], [13,6], [12,7], [12,8], [13,9], [14,10], [15,11], [16,12], [17,13], [18,14], [19,15], [20,15], [21,16], [22,16], [23,16], [24,17], [25,18], [26,19], [27,20], [28,21], [28,20], [27,20], [28,21], [28,20], [27,20], [28,21], [28,20], [27,20], [28,21], [28,20], [27,20], [28,21], [28,20], [27,20], [28,21], [28,20], [27,20], [28,21], [28,20], [27,20], [28,21], [28,20], [27,20], [28,21], [28,20], [27,20], [28,21], [28,20], [27,20], [28,21], [28,20], [27,20], [28,21], [28,20], [27,20], [28,21], [28,20], [27,20], [28,21], [28,20], [27,20], [28,21], [28,20], [27,20], [28,21], [28,20], [27,20], [28,21], [28,20], [27,20], [28,21], [28,20], [27,20], [28,21], [28,20], [27,20], [28,21], [28,20], [27,20], [28,21], [28,20], [27,20], [28,21], [28,20], [27,20], [28,21], [28,20], [27,20], [28,21], [28,20], [27,20], [28,21], [28,20], [27,20], [28,21], [28,20], [27,20], [28,21]
# Episode 9 (Goal)
[12,2], [13,3], [14,4], [15,5], [16,5], [17,5], [18,6], [18,7], [18,8], [18,9], [19,10], [19,11], [20,12], [21,13], [22,14], [23,15], [24,16], [25,17], [26,18], [26,19], [26,20], [26,21], [26,22], [26,23], [26,24], [26,25], [27,26], [27,27], [26,28], [26,28], [25,29], [24,29], [23,30]
# Episode 10 (Goal)
[12,2], [12,3], [12,4], [12,5], [12,6], [12,7], [12,8], [13,9], [14,10], [14,11], [15,12], [15,13], [15,14], [16,15], [16,16], [17,17], [17,18], [18,17], [19,17], [20,17], [21,17], [22,17], [23,17], [24,17], [25,18], [26,19], [26,20], [26,21], [26,22], [26,23], [26,24], [26,25], [27,26], [26,27], [25,28], [24,29], [23,30]
# Episode 11 (Goal)
[12,2], [12,3], [12,4], [12,5], [12,6], [12,7], [12,8], [13,9], [14,10], [15,11], [16,12], [17,13], [18,14], [19,15], [20,15], [21,16], [22,16], [23,16], [24,17], [25,18], [26,19], [26,19], [26,20], [26,21], [26,22], [26,23], [26,24], [26,25], [27,26], [26,27], [25,28], [24,29], [23,30]
# Episode 12 (Goal)
[12,2], [12,3], [12,4], [12,5], [12,6], [12,7], [12,8], [13,9], [14,10], [15,11], [16,12], [17,13], [18,14], [19,15], [20,16], [21,17], [22,17], [23,18], [24,18], [25,19], [25,20], [25,21], [26,22], [26,23], [26,24], [26,25], [27,26], [26,27], [25,28], [25,28], [24,29], [23,30]
# Episode 13 (Goal)
[12,2], [12,3], [12,4], [12,5], [12,6], [12,7], [12,8], [13,9], [14,10], [14,11], [15,12], [15,13], [15,14], [16,15], [16,16], [17,17], [17,18], [17,19], [17,18], [18,17], [19,17], [20,17], [21,17], [22,17], [23,17], [24,17], [25,18], [26,19], [26,20], [26,21], [26,22], [26,23], [26,24], [26,25], [27,26], [26,27], [25,28], [24,29], [24,29], [23,30]
# Episode 14 (Goal)
[12,2], [12,3], [12,4], [12,5], [12,6], [12,7], [12,8], [13,9], [14,10], [14,11], [15,12], [15,13], [15,14], [16,15], [16,16], [17,17], [17,18], [17,19], [17,20], [17,19], [17,18], [18,17], [19,16], [20,16], [21,16], [22,17], [23,18], [24,18], [25,19], [25,20], [25,21], [26,22], [26,23], [26,24], [26,25], [27,26], [26,27], [25,28], [24,29], [24,29], [23,30]
# Episode 15 (Goal)
[12,2], [12,3], [12,4], [12,5], [12,6], [12,7], [12,8], [13,9], [14,10], [14,11], [15,12], [15,13], [15,14], [16,15], [16,16], [17,17], [17,18], [17,19], [17,20], [17,19], [17,18], [18,17], [19,17], [20,17], [21,17], [22,17], [23,18], [24,18], [25,19], [25,20], [26,21], [26,22], [26,23], [26,24], [26,25], [27,26], [26,27], [25,28], [24,29], [24,29], [23,30]
# Episode 16 (Collision)
[12,2], [12,3], [12,4], [12,5], [12,6], [12,7], [12,8], [13,9], [14,10], [14,11], [15,12], [15,13], [15,14], [16,15], [16,16], [17,17], [17,18], [17,19], [17,20], [17,19], [17,18], [18,17], [19,17], [20,17], [21,17], [22,17], [23,17], [24,17], [25,18], [26,19], [26,20], [26,21], [26,22], [27,23]
# Episode 17 (Goal)
[12,2], [13,3], [14,4], [15,5], [16,5], [17,5], [18,6], [18,7], [18,8], [18,9], [19,10], [19,11], [20,12], [21,13], [22,14], [23,15], [24,16], [24,17], [25,18], [25,19], [25,20], [26,21], [26,22], [27,23], [27,24], [27,25], [27,26], [26,27], [26,27], [25,28], [24,29], [23,30]
# Episode 18 (Goal)
[12,2], [12,3], [12,4], [12,5], [12,6], [12,7], [12,8], [13,9], [14,10], [14,11], [15,12], [15,13], [15,14], [16,15], [16,16], [17,17], [17,18], [18,17], [19,17], [20,17], [21,17], [22,17], [23,17], [24,17], [25,18], [26,19], [26,20], [27,21], [27,22], [27,23], [27,24], [27,25], [27,26], [26,27], [25,28], [24,29], [23,30]
# Episode 19 (Goal)
[12,2], [12,3], [12,4], [12,5], [12,6], [12,7], [12,8], [12,9], [12,10], [12,11], [12,12], [13,13], [14,13], [15,14], [16,14], [17,15], [18,15], [19,15], [20,16], [21,16], [22,17], [23,17], [24,18], [25,19], [25,20], [26,21], [26,22], [26,23], [26,24], [26,25], [27,26], [26,27], [25,28], [24,29], [23,30]
# Episode 20 (Goal)
[12,2], [12,3], [12,4], [12,5], [12,6], [12,7], [12,8], [13,9], [14,10], [15,11], [16,12], [17,13], [18,14], [19,15], [20,16], [21,17], [22,17], [23,18], [24,18], [25,19], [26,20], [27,21], [27,22], [27,23], [28,24], [28,25], [29,26], [29,27], [29,28], [28,28], [28,28], [27,28], [26,28], [25,29], [24,29], [23,30]
# Episode 21 (Collision)
[12,2], [12,3], [12,4], [12,5], [12,6], [12,7], [12,8], [13,9], [14,10], [14,11], [15,12], [15,13], [15,14], [16,15], [16,16], [17,16], [18,16], [19,16], [20,16], [21,16], [22,17], [23,17], [24,18], [25,19], [25,20], [25,21], [26,22], [26,23]
# Episode 22 (Goal)
[12,2], [13,3], [14,4], [15,5], [16,5], [17,5], [18,6], [18,7], [18,8], [18,9], [18,10], [18,11], [18,12], [19,13], [20,14], [21,15], [22,16], [23,17], [24,17], [25,18], [26,19], [26,20], [26,21], [26,22], [26,23], [26,24], [26,25], [27,26], [26,27], [25,28], [25,29], [26,29], [25,29], [25,29], [24,29], [23,30]
# Episode 23 (Collision)
[12,2], [12,3], [12,4], [12,5], [12,6], [12,7], [12,8], [13,9], [14,10], [14,11], [15,12], [15,13], [15,14], [16,15], [16,16], [17,17], [17,18], [17,19], [17,18], [18,17], [19,17], [20,17], [21,17], [22,17], [23,17], [24,17], [25,17], [26,18], [27,18], [28,19], [29,20], [29,21], [29,22], [29,23]
# Episode 24 (Goal)
[12,2], [13,3], [14,4], [15,5], [16,5], [17,5], [18,6], [18,7], [18,8], [18,9], [19,10], [19,11], [20,12], [21,13], [21,14], [22,15], [22,16], [23,17], [23,18], [24,18], [25,19], [25,20], [25,21], [26,22], [26,23], [26,24], [26,25], [27,26], [26,27], [26,27], [25,28], [24,29], [23,30]
# Episode 25 (Goal)
[12,2], [12,3], [12,4], [12,5], [12,6], [12,7], [12,8], [13,9], [14,10], [14,11], [15,12], [15,13], [15,14], [16,15], [16,16], [17,17], [17,18], [18,17], [19,17], [20,17], [21,17], [22,17], [23,18], [24,18], [25,19], [25,20], [25,21], [26,22], [26,23], [26,24], [26,25], [27,26], [26,27], [25,28], [24,29], [23,30]
# Episode 26 (Goal)
[12,2], [12,3], [13,3], [14,4], [15,4], [16,5], [17,5], [18,6], [18,7], [18,8], [18,9], [18,10], [18,11], [19,12], [20,13], [21,14], [22,15], [23,16], [24,17], [25,18], [25,19], [25,20], [25,21], [26,22], [26,23], [26,24], [26,25], [27,26], [26,27], [25,28], [24,29], [23,30]
# Episode 27 (Collision)
[12,2], [12,3], [12,4], [12,5], [12,6], [12,7], [12,8], [13,9], [14,10], [14,11], [15,12], [16,13], [17,14], [18,15], [19,15], [20,16], [21,16], [22,17], [23,18], [24,18], [25,19], [26,20], [26,21], [27,22], [27,23]
# Episode 28 (Collision)
[12,2], [13,3], [14,4], [15,5], [16,5], [17,5], [18,6], [18,7], [18,8], [18,9], [19,10], [19,11], [20,12], [21,13], [22,14], [23,15], [24,16], [25,17], [25,18], [26,19], [26,20], [26,21], [27,22], [27,23]
# Episode 29 (Trapped)
[12,2], [13,3], [14,4], [15,5], [16,5], [17,5], [18,6], [18,7], [18,8], [18,9], [19,10], [19,11], [20,12], [21,13], [22,14], [23,15], [24,16], [25,17], [25,18], [26,19], [26,20], [26,21], [27,22], [27,23], [28,24], [28,25], [27,26], [27,27], [26,28], [27,27], [26,28], [27,27], [26,28], [27,27], [26,28], [27,27], [26,28], [27,27], [26,28], [27,27], [26,28], [27,27], [26,28], [27,27], [26,28], [27,27], [26,28], [27,27], [26,28], [27,27], [26,28], [27,27], [26,28], [27,27], [26,28], [27,27], [26,28], [27,27], [26,28], [27,27], [26,28], [27,27], [26,28], [27,27], [26,28], [27,27], [26,28], [27,27], [26,28], [27,27], [26,28], [27,27], [26,28], [27,27], [26,28], [27,27], [26,28], [27,27], [26,28], [27,27], [26,28], [27,27], [26,28], [27,27], [26,28], [27,27], [26,28], [27,27], [26,28], [27,27], [26,28], [27,27], [26,28], [27,27], [26,28], [27,27], [26,28], [27,27], [26,28], [27,27], [26,28]
# Episode 30 (Trapped)
[12,2], [13,3], [14,4], [15,5], [16,5], [17,5], [18,6], [18,7], [18,8], [18,9], [19,10], [19,11], [20,12], [21,13], [22,14], [23,15], [24,16], [25,17], [25,18], [26,19], [26,20], [26,21], [27,22], [27,23], [28,24], [28,25], [27,26], [27,27], [26,28], [27,27], [26,28], [27,27], [26,28], [27,27], [26,28], [27,27], [26,28], [27,27], [26,28], [27,27], [26,28], [27,27], [26,28], [27,27], [26,28], [27,27], [26,28], [27,27], [26,28], [27,27], [26,28], [27,27], [26,28], [27,27], [26,28], [27,27], [26,28], [27,27], [26,28], [27,27], [26,28], [27,27], [26,28], [27,27], [26,28], [27,27], [26,28], [27,27], [26,28], [27,27], [26,28], [27,27], [26,28], [27,27], [26,28], [27,27], [26,28], [27,27], [26,28], [27,27], [26,28], [27,27], [26,28], [27,27], [26,28], [27,27], [26,28], [27,27], [26,28], [27,27], [26,28], [27,27], [26,28], [27,27], [26,28], [27,27], [26,28], [27,27], [26,28], [27,27], [26,28]
# Episode 31 (Trapped)
[12,2], [13,3], [14,4], [15,5], [16,5], [17,5], [18,6], [18,7], [18,8], [18,9], [19,10], [19,11], [20,12], [21,13], [22,14], [23,15], [24,16], [25,17], [25,18], [26,19], [26,20], [26,21], [27,22], [27,23], [28,24], [28,25], [27,26], [27,27], [26,28], [27,27], [26,28], [27,27], [26,28], [27,27], [26,28], [27,27], [26,28], [27,27], [26,28], [27,27], [26,28], [27,27], [26,28], [27,27], [26,28], [27,27], [26,28], [27,27], [26,28], [27,27], [26,28], [27,27], [26,28], [27,27], [26,28], [27,27], [26,28], [27,27], [26,28], [27,27], [26,28], [27,27], [26,28], [27,27], [26,28], [27,27], [26,28], [27,27], [26,28], [27,27], [26,28], [27,27], [26,28], [27,27], [26,28], [27,27], [26,28], [27,27], [26,28], [27,27], [26,28], [27,27], [26,28], [27,27], [26,28], [27,27], [26,28], [27,27], [26,28], [27,27], [26,28], [27,27], [26,28], [27,27], [26,28], [27,27], [26,28], [27,27], [26,28], [27,27], [26,28]
# Episode 32 (Trapped)
[12,2], [13,3], [14,4], [15,5], [16,5], [17,5], [18,6], [18,7], [18,8], [18,9], [19,10], [19,11], [20,12], [21,13], [22,14], [23,15], [24,16], [25,17], [25,18], [26,19], [26,20], [26,21], [27,22], [27,23], [28,24], [28,25], [27,26], [27,27], [26,28], [27,27], [26,28], [27,27], [26,28], [27,27], [26,28], [27,27], [26,28], [27,27], [26,28], [27,27], [26,28], [27,27], [26,28], [27,27], [26,28], [27,27], [26,28], [27,27], [26,28], [27,27], [26,28], [27,27], [26,28], [27,27], [26,28], [27,27], [26,28], [27,27], [26,28], [27,27], [26,28], [27,27], [26,28], [27,27], [26,28], [27,27], [26,28], [27,27], [26,28], [27,27], [26,28], [27,27], [26,28], [27,27], [26,28], [27,27], [26,28], [27,27], [26,28], [27,27], [26,28], [27,27], [26,28], [27,27], [26,28], [27,27], [26,28], [27,27], [26,28], [27,27], [26,28], [27,27], [26,28], [27,27], [26,28], [27,27], [26,28], [27,27], [26,28], [27,27], [26,28]
# Episode 33 (Trapped)
[12,2], [13,3], [14,4], [15,5], [16,5], [17,5], [18,6], [18,7], [18,8], [18,9], [19,10], [19,11], [20,12], [21,13], [22,14], [23,15], [24,16], [25,17], [25,18], [26,19], [26,20], [26,21], [27,22], [27,23], [28,24], [28,25], [27,26], [27,27], [26,28], [27,27], [26,28], [27,27], [26,28], [27,27], [26,28], [27,27], [26,28], [27,27], [26,28], [27,27], [26,28], [27,27], [26,28], [27,27], [26,28], [27,27], [26,28], [27,27], [26,28], [27,27], [26,28], [27,27], [26,28], [27,27], [26,28], [27,27], [26,28], [27,27], [26,28], [27,27], [26,28], [27,27], [26,28], [27,27], [26,28], [27,27], [26,28], [27,27], [26,28], [27,27], [26,28], [27,27], [26,28], [27,27], [26,28], [27,27], [26,28], [27,27], [26,28], [27,27], [26,28], [27,27], [26,28], [27,27], [26,28], [27,27], [26,28], [27,27], [26,28], [27,27], [26,28], [27,27], [26,28], [27,27], [26,28], [27,27], [26,28], [27,27], [26,28], [27,27], [26,28]
# Episode 34 (Collision)
[12,2], [13,3], [14,4], [15,5], [16,5], [17,5], [18,6], [18,7], [18,8], [18,9], [19,10], [19,11], [20,12], [21,13], [22,14], [23,15], [24,16], [25,17], [25,18], [26,19], [26,20], [26,21], [27,22], [27,23]
# Episode 35 (Collision)
[12,2], [13,3], [14,4], [15,5], [16,5], [17,5], [18,6], [18,7], [18,8], [18,9], [19,10], [19,11], [20,12], [21,13], [22,14], [23,15], [24,16], [25,17], [25,18], [26,19], [26,20], [26,21], [27,22], [27,23]
# Episode 36 (Collision)
[12,2], [13,3], [14,4], [15,5], [16,5], [17,5], [18,6], [18,7], [18,8], [18,9], [19,10], [19,11], [20,12], [21,13], [22,14], [23,15], [24,16], [25,17], [25,18], [26,19], [26,20], [26,21], [27,22], [27,23]
# Episode 37 (Trapped)
[12,2], [13,3], [14,4], [15,5], [16,5], [17,5], [18,6], [18,7], [18,8], [18,9], [19,10], [19,11], [20,12], [21,13], [22,14], [23,15], [24,16], [25,17], [25,18], [26,19], [26,20], [26,21], [27,22], [27,23], [28,24], [28,25], [27,26], [27,27], [26,28], [27,27], [26,28], [27,27], [26,28], [27,27], [26,28], [27,27], [26,28], [27,27], [26,28], [27,27], [26,28], [27,27], [26,28], [27,27], [26,28], [27,27], [26,28], [27,27], [26,28], [27,27], [26,28], [27,27], [26,28], [27,27], [26,28], [27,27], [26,28], [27,27], [26,28], [27,27], [26,28], [27,27], [26,28], [27,27], [26,28], [27,27], [26,28], [27,27], [26,28], [27,27], [26,28], [27,27], [26,28], [27,27], [26,28], [27,27], [26,28], [27,27], [26,28], [27,27], [26,28], [27,27], [26,28], [27,27], [26,28], [27,27], [26,28], [27,27], [26,28], [27,27], [26,28], [27,27], [26,28], [27,27], [26,28], [27,27], [26,28], [27,27], [26,28], [27,27], [26,28]
# Episode 38 (Trapped)
[12,2], [13,3], [14,4], [15,5], [16,5], [17,5], [18,6], [18,7], [18,8], [18,9], [19,10], [19,11], [20,12], [21,13], [22,14], [23,15], [24,16], [25,17], [25,18], [26,19], [26,20], [26,21], [27,22], [27,23], [28,24], [28,25], [27,26], [27,27], [26,28], [27,27], [26,28], [27,27], [26,28], [27,27], [26,28], [27,27], [26,28], [27,27], [26,28], [27,27], [26,28], [27,27], [26,28], [27,27], [26,28], [27,27], [26,28], [27,27], [26,28], [27,27], [26,28], [27,27], [26,28], [27,27], [26,28], [27,27], [26,28], [27,27], [26,28], [27,27], [26,28], [27,27], [26,28], [27,27], [26,28], [27,27], [26,28], [27,27], [26,28], [27,27], [26,28], [27,27], [26,28], [27,27], [26,28], [27,27], [26,28], [27,27], [26,28], [27,27], [26,28], [27,27], [26,28], [27,27], [26,28], [27,27], [26,28], [27,27], [26,28], [27,27], [26,28], [27,27], [26,28], [27,27], [26,28], [27,27], [26,28], [27,27], [26,28], [27,27], [26,28]
# Episode 39 (Trapped)
[12,2], [13,3], [14,4], [15,5], [16,5], [17,5], [18,6], [18,7], [18,8], [18,9], [19,10], [19,11], [20,12], [21,13], [22,14], [23,15], [24,16], [25,17], [25,18], [26,19], [26,20], [26,21], [27,22], [27,23], [28,24], [28,25], [27,26], [27,27], [26,28], [27,27], [26,28], [27,27], [26,28], [27,27], [26,28], [27,27], [26,28], [27,27], [26,28], [27,27], [26,28], [27,27], [26,28], [27,27], [26,28], [27,27], [26,28], [27,27], [26,28], [27,27], [26,28], [27,27], [26,28], [27,27], [26,28], [27,27], [26,28], [27,27], [26,28], [27,27], [26,28], [27,27], [26,28], [27,27], [26,28], [27,27], [26,28], [27,27], [26,28], [27,27], [26,28], [27,27], [26,28], [27,27], [26,28], [27,27], [26,28], [27,27], [26,28], [27,27], [26,28], [27,27], [26,28], [27,27], [26,28], [27,27], [26,28], [27,27], [26,28], [27,27], [26,28], [27,27], [26,28], [27,27], [26,28], [27,27], [26,28], [27,27], [26,28], [27,27], [26,28]
# Episode 40 (Trapped)
[12,2], [13,3], [14,4], [15,5], [16,5], [17,5], [18,6], [18,7], [18,8], [18,9], [19,10], [19,11], [20,12], [21,13], [22,14], [23,15], [24,16], [25,17], [25,18], [26,19], [26,20], [26,21], [27,22], [27,23], [28,24], [28,25], [27,26], [27,27], [26,28], [27,27], [26,28], [27,27], [26,28], [27,27], [26,28], [27,27], [26,28], [27,27], [26,28], [27,27], [26,28], [27,27], [26,28], [27,27], [26,28], [27,27], [26,28], [27,27], [26,28], [27,27], [26,28], [27,27], [26,28], [27,27], [26,28], [27,27], [26,28], [27,27], [26,28], [27,27], [26,28], [27,27], [26,28], [27,27], [26,28], [27,27], [26,28], [27,27], [26,28], [27,27], [26,28], [27,27], [26,28], [27,27], [26,28], [27,27], [26,28], [27,27], [26,28], [27,27], [26,28], [27,27], [26,28], [27,27], [26,28], [27,27], [26,28], [27,27], [26,28], [27,27], [26,28], [27,27], [26,28], [27,27], [26,28], [27,27], [26,28], [27,27], [26,28], [27,27], [26,28]
# Episode 41 (Trapped)
[12,2], [13,3], [14,4], [15,5], [16,5], [17,5], [18,6], [18,7], [18,8], [18,9], [19,10], [19,11], [20,12], [21,13], [22,14], [23,15], [24,16], [25,17], [25,18], [26,19], [26,20], [26,21], [27,22], [27,23], [28,24], [28,25], [27,26], [27,27], [26,28], [27,27], [26,28], [27,27], [26,28], [27,27], [26,28], [27,27], [26,28], [27,27], [26,28], [27,27], [26,28], [27,27], [26,28], [27,27], [26,28], [27,27], [26,28], [27,27], [26,28], [27,27], [26,28], [27,27], [26,28], [27,27], [26,28], [27,27], [26,28], [27,27], [26,28], [27,27], [26,28], [27,27], [26,28], [27,27], [26,28], [27,27], [26,28], [27,27], [26,28], [27,27], [26,28], [27,27], [26,28], [27,27], [26,28], [27,27], [26,28], [27,27], [26,28], [27,27], [26,28], [27,27], [26,28], [27,27], [26,28], [27,27], [26,28], [27,27], [26,28], [27,27], [26,28], [27,27], [26,28], [27,27], [26,28], [27,27], [26,28], [27,27], [26,28], [27,27], [26,28]
# Episode 42 (Collision)
[12,2], [13,3], [14,4], [15,5], [16,5], [17,5], [18,6], [18,7], [18,8], [18,9], [19,10], [19,11], [20,12], [21,13], [22,14], [23,15], [24,16], [25,17], [25,18], [26,19], [26,20], [26,21], [27,22], [27,23]
# Episode 43 (Collision)
[12,2], [13,3], [14,4], [15,5], [16,5], [17,5], [18,6], [18,7], [18,8], [18,9], [19,10], [19,11], [20,12], [21,13], [22,14], [23,15], [24,16], [25,17], [25,18], [26,19], [26,20], [26,21], [27,22], [27,23]
# Episode 44 (Collision)
[12,2], [13,3], [14,4], [15,5], [16,5], [17,5], [18,6], [18,7], [18,8], [18,9], [19,10], [19,11], [20,12], [21,13], [22,14], [23,15], [24,16], [25,17], [25,18], [26,19], [26,20], [26,21], [27,22], [27,23]
# Episode 45 (Trapped)
[12,2], [13,3], [14,4], [15,5], [16,5], [17,5], [18,6], [18,7], [18,8], [18,9], [19,10], [19,11], [20,12], [21,13], [22,14], [23,15], [24,16], [25,17], [25,18], [26,19], [26,20], [26,21], [27,22], [27,23], [28,24], [28,25], [27,26], [27,27], [26,28], [27,27], [26,28], [27,27], [26,28], [27,27], [26,28], [27,27], [26,28], [27,27], [26,28], [27,27], [26,28], [27,27], [26,28], [27,27], [26,28], [27,27], [26,28], [27,27], [26,28], [27,27], [26,28], [27,27], [26,28], [27,27], [26,28], [27,27], [26,28], [27,27], [26,28], [27,27], [26,28], [27,27], [26,28], [27,27], [26,28], [27,27], [26,28], [27,27], [26,28], [27,27], [26,28], [27,27], [26,28], [27,27], [26,28], [27,27], [26,28], [27,27], [26,28], [27,27], [26,28], [27,27], [26,28], [27,27], [26,28], [27,27], [26,28], [27,27], [26,28], [27,27], [26,28], [27,27], [26,28], [27,27], [26,28], [27,27], [26,28], [27,27], [26,28], [27,27], [26,28]
# Episode 46 (Trapped)
[12,2], [13,3], [14,4], [15,5], [16,5], [17,5], [18,6], [18,7], [18,8], [18,9], [19,10], [19,11], [20,12], [21,13], [22,14], [23,15], [24,16], [25,17], [25,18], [26,19], [26,20], [26,21], [27,22], [27,23], [28,24], [28,25], [27,26], [27,27], [26,28], [27,27], [26,28], [27,27], [26,28], [27,27], [26,28], [27,27], [26,28], [27,27], [26,28], [27,27], [26,28], [27,27], [26,28], [27,27], [26,28], [27,27], [26,28], [27,27], [26,28], [27,27], [26,28], [27,27], [26,28], [27,27], [26,28], [27,27], [26,28], [27,27], [26,28], [27,27], [26,28], [27,27], [26,28], [27,27], [26,28], [27,27], [26,28], [27,27], [26,28], [27,27], [26,28], [27,27], [26,28], [27,27], [26,28], [27,27], [26,28], [27,27], [26,28], [27,27], [26,28], [27,27], [26,28], [27,27], [26,28], [27,27], [26,28], [27,27], [26,28], [27,27], [26,28], [27,27], [26,28], [27,27], [26,28], [27,27], [26,28], [27,27], [26,28], [27,27], [26,28]
# Episode 47 (Trapped)
[12,2], [13,3], [14,4], [15,5], [16,5], [17,5], [18,6], [18,7], [18,8], [18,9], [19,10], [19,11], [20,12], [21,13], [22,14], [23,15], [24,16], [25,17], [25,18], [26,19], [26,20], [26,21], [27,22], [27,23], [28,24], [28,25], [27,26], [27,27], [26,28], [27,27], [26,28], [27,27], [26,28], [27,27], [26,28], [27,27], [26,28], [27,27], [26,28], [27,27], [26,28], [27,27], [26,28], [27,27], [26,28], [27,27], [26,28], [27,27], [26,28], [27,27], [26,28], [27,27], [26,28], [27,27], [26,28], [27,27], [26,28], [27,27], [26,28], [27,27], [26,28], [27,27], [26,28], [27,27], [26,28], [27,27], [26,28], [27,27], [26,28], [27,27], [26,28], [27,27], [26,28], [27,27], [26,28], [27,27], [26,28], [27,27], [26,28], [27,27], [26,28], [27,27], [26,28], [27,27], [26,28], [27,27], [26,28], [27,27], [26,28], [27,27], [26,28], [27,27], [26,28], [27,27], [26,28], [27,27], [26,28], [27,27], [26,28], [27,27], [26,28]
# Episode 48 (Trapped)
[12,2], [13,3], [14,4], [15,5], [16,5], [17,5], [18,6], [18,7], [18,8], [18,9], [19,10], [19,11], [20,12], [21,13], [22,14], [23,15], [24,16], [25,17], [25,18], [26,19], [26,20], [26,21], [27,22], [27,23], [28,24], [28,25], [27,26], [27,27], [26,28], [27,27], [26,28], [27,27], [26,28], [27,27], [26,28], [27,27], [26,28], [27,27], [26,28], [27,27], [26,28], [27,27], [26,28], [27,27], [26,28], [27,27], [26,28], [27,27], [26,28], [27,27], [26,28], [27,27], [26,28], [27,27], [26,28], [27,27], [26,28], [27,27], [26,28], [27,27], [26,28], [27,27], [26,28], [27,27], [26,28], [27,27], [26,28], [27,27], [26,28], [27,27], [26,28], [27,27], [26,28], [27,27], [26,28], [27,27], [26,28], [27,27], [26,28], [27,27], [26,28], [27,27], [26,28], [27,27], [26,28], [27,27], [26,28], [27,27], [26,28], [27,27], [26,28], [27,27], [26,28], [27,27], [26,28], [27,27], [26,28], [27,27], [26,28], [27,27], [26,28]
# Episode 49 (Trapped)
[12,2], [13,3], [14,4], [15,5], [16,5], [17,5], [18,6], [18,7], [18,8], [18,9], [19,10], [19,11], [20,12], [21,13], [22,14], [23,15], [24,16], [25,17], [25,18], [26,19], [26,20], [26,21], [27,22], [27,23], [28,24], [28,25], [27,26], [27,27], [26,28], [27,27], [26,28], [27,27], [26,28], [27,27], [26,28], [27,27], [26,28], [27,27], [26,28], [27,27], [26,28], [27,27], [26,28], [27,27], [26,28], [27,27], [26,28], [27,27], [26,28], [27,27], [26,28], [27,27], [26,28], [27,27], [26,28], [27,27], [26,28], [27,27], [26,28], [27,27], [26,28], [27,27], [26,28], [27,27], [26,28], [27,27], [26,28], [27,27], [26,28], [27,27], [26,28], [27,27], [26,28], [27,27], [26,28], [27,27], [26,28], [27,27], [26,28], [27,27], [26,28], [27,27], [26,28], [27,27], [26,28], [27,27], [26,28], [27,27], [26,28], [27,27], [26,28], [27,27], [26,28], [27,27], [26,28], [27,27], [26,28], [27,27], [26,28], [27,27], [26,28]
# Episode 50 (Collision)
[12,2], [13,3], [14,4], [15,5], [16,5], [17,5], [18,6], [18,7], [18,8], [18,9], [19,10], [19,11], [20,12], [21,13], [22,14], [23,15], [24,16], [25,17], [25,18], [26,19], [26,20], [26,21], [27,22], [27,23]
# Episode 51 (Collision)
[12,2], [13,3], [14,4], [15,5], [16,5], [17,5], [18,6], [18,7], [18,8], [18,9], [19,10], [19,11], [20,12], [21,13], [22,14], [23,15], [24,16], [25,17], [25,18], [26,19], [26,20], [26,21], [27,22], [27,23]
# Episode 52 (Collision)
[12,2], [13,3], [14,4], [15,5], [16,5], [17,5], [18,6], [18,7], [18,8], [18,9], [19,10], [19,11], [20,12], [21,13], [22,14], [23,15], [24,16], [25,17], [25,18], [26,19], [26,20], [26,21], [27,22], [27,23]
# Episode 53 (Trapped)
[12,2], [13,3], [14,4], [15,5], [16,5], [17,5], [18,6], [18,7], [18,8], [18,9], [19,10], [19,11], [20,12], [21,13], [22,14], [23,15], [24,16], [25,17], [25,18], [26,19], [26,20], [26,21], [27,22], [27,23], [28,24], [28,25], [27,26], [27,27], [26,28], [27,27], [26,28], [27,27], [26,28], [27,27], [26,28], [27,27], [26,28], [27,27], [26,28], [27,27], [26,28], [27,27], [26,28], [27,27], [26,28], [27,27], [26,28], [27,27], [26,28], [27,27], [26,28], [27,27], [26,28], [27,27], [26,28], [27,27], [26,28], [27,27], [26,28], [27,27], [26,28], [27,27], [26,28], [27,27], [26,28], [27,27], [26,28], [27,27], [26,28], [27,27], [26,28], [27,27], [26,28], [27,27], [26,28], [27,27], [26,28], [27,27], [26,28], [27,27], [26,28], [27,27], [26,28], [27,27], [26,28], [27,27], [26,28], [27,27], [26,28], [27,27], [26,28], [27,27], [26,28], [27,27], [26,28], [27,27], [26,28], [27,27], [26,28], [27,27], [26,28]
# Episode 54 (Trapped)
[12,2], [13,3], [14,4], [15,5], [16,5], [17,5], [18,6], [18,7], [18,8], [18,9], [19,10], [19,11], [20,12], [21,13], [22,14], [23,15], [24,16], [25,17], [25,18], [26,19], [26,20], [26,21], [27,22], [27,23], [28,24], [28,25], [27,26], [27,27], [26,28], [27,27], [26,28], [27,27], [26,28], [27,27], [26,28], [27,27], [26,28], [27,27], [26,28], [27,27], [26,28], [27,27], [26,28], [27,27], [26,28], [27,27], [26,28], [27,27], [26,28], [27,27], [26,28], [27,27], [26,28], [27,27], [26,28], [27,27], [26,28], [27,27], [26,28], [27,27], [26,28], [27,27], [26,28], [27,27], [26,28], [27,27], [26,28], [27,27], [26,28], [27,27], [26,28], [27,27], [26,28], [27,27], [26,28], [27,27], [26,28], [27,27], [26,28], [27,27], [26,28], [27,27], [26,28], [27,27], [26,28], [27,27], [26,28], [27,27], [26,28], [27,27], [26,28], [27,27], [26,28], [27,27], [26,28], [27,27], [26,28], [27,27], [26,28], [27,27], [26,28]
# Episode 55 (Trapped)
[12,2], [13,3], [14,4], [15,5], [16,5], [17,5], [18,6], [18,7], [18,8], [18,9], [19,10], [19,11], [20,12], [21,13], [22,14], [23,15], [24,16], [25,17], [25,18], [26,19], [26,20], [26,21], [27,22], [27,23], [28,24], [28,25], [27,26], [27,27], [26,28], [27,27], [26,28], [27,27], [26,28], [27,27], [26,28], [27,27], [26,28], [27,27], [26,28], [27,27], [26,28], [27,27], [26,28], [27,27], [26,28], [27,27], [26,28], [27,27], [26,28], [27,27], [26,28], [27,27], [26,28], [27,27], [26,28], [27,27], [26,28], [27,27], [26,28], [27,27], [26,28], [27,27], [26,28], [27,27], [26,28], [27,27], [26,28], [27,27], [26,28], [27,27], [26,28], [27,27], [26,28], [27,27], [26,28], [27,27], [26,28], [27,27], [26,28], [27,27], [26,28], [27,27], [26,28], [27,27], [26,28], [27,27], [26,28], [27,27], [26,28], [27,27], [26,28], [27,27], [26,28], [27,27], [26,28], [27,27], [26,28], [27,27], [26,28], [27,27], [26,28]
# Episode 56 (Trapped)
[12,2], [13,3], [14,4], [15,5], [16,5], [17,5], [18,6], [18,7], [18,8], [18,9], [19,10], [19,11], [20,12], [21,13], [22,14], [23,15], [24,16], [25,17], [25,18], [26,19], [26,20], [26,21], [27,22], [27,23], [28,24], [28,25], [27,26], [27,27], [26,28], [27,27], [26,28], [27,27], [26,28], [27,27], [26,28], [27,27], [26,28], [27,27], [26,28], [27,27], [26,28], [27,27], [26,28], [27,27], [26,28], [27,27], [26,28], [27,27], [26,28], [27,27], [26,28], [27,27], [26,28], [27,27], [26,28], [27,27], [26,28], [27,27], [26,28], [27,27], [26,28], [27,27], [26,28], [27,27], [26,28], [27,27], [26,28], [27,27], [26,28], [27,27], [26,28], [27,27], [26,28], [27,27], [26,28], [27,27], [26,28], [27,27], [26,28], [27,27], [26,28], [27,27], [26,28], [27,27], [26,28], [27,27], [26,28], [27,27], [26,28], [27,27], [26,28], [27,27], [26,28], [27,27], [26,28], [27,27], [26,28], [27,27], [26,28], [27,27], [26,28]
# Episode 57 (Trapped)
[12,2], [13,3], [14,4], [15,5], [16,5], [17,5], [18,6], [18,7], [18,8], [18,9], [19,10], [19,11], [20,12], [21,13], [22,14], [23,15], [24,16], [25,17], [25,18], [26,19], [26,20], [26,21], [27,22], [27,23], [28,24], [28,25], [27,26], [27,27], [26,28], [27,27], [26,28], [27,27], [26,28], [27,27], [26,28], [27,27], [26,28], [27,27], [26,28], [27,27], [26,28], [27,27], [26,28], [27,27], [26,28], [27,27], [26,28], [27,27], [26,28], [27,27], [26,28], [27,27], [26,28], [27,27], [26,28], [27,27], [26,28], [27,27], [26,28], [27,27], [26,28], [27,27], [26,28], [27,27], [26,28], [27,27], [26,28], [27,27], [26,28], [27,27], [26,28], [27,27], [26,28], [27,27], [26,28], [27,27], [26,28], [27,27], [26,28], [27,27], [26,28], [27,27], [26,28], [27,27], [26,28], [27,27], [26,28], [27,27], [26,28], [27,27], [26,28], [27,27], [26,28], [27,27], [26,28], [27,27], [26,28], [27,27], [26,28], [27,27], [26,28]
# Episode 58 (Collision)
[12,2], [13,3], [14,4], [15,5], [16,5], [17,5], [18,6], [18,7], [18,8], [18,9], [19,10], [19,11], [20,12], [21,13], [22,14], [23,15], [24,16], [25,17], [25,18], [26,19], [26,20], [26,21], [27,22], [27,23]
# Episode 59 (Collision)
[12,2], [13,3], [14,4], [15,5], [16,5], [17,5], [18,6], [18,7], [18,8], [18,9], [19,10], [19,11], [20,12], [21,13], [22,14], [23,15], [24,16], [25,17], [25,18], [26,19], [26,20], [26,21], [27,22], [27,23]
# Episode 60 (Collision)
[12,2], [13,3], [14,4], [15,5], [16,5], [17,5], [18,6], [18,7], [18,8], [18,9], [19,10], [19,11], [20,12], [21,13], [22,14], [23,15], [24,16], [25,17], [25,18], [26,19], [26,20], [26,21], [27,22], [27,23]
# Episode 61 (Trapped)
[12,2], [13,3], [14,4], [15,5], [16,5], [17,5], [18,6], [18,7], [18,8], [18,9], [19,10], [19,11], [20,12], [21,13], [22,14], [23,15], [24,16], [25,17], [25,18], [26,19], [26,20], [26,21], [27,22], [27,23], [28,24], [28,25], [27,26], [27,27], [26,28], [27,27], [26,28], [27,27], [26,28], [27,27], [26,28], [27,27], [26,28], [27,27], [26,28], [27,27], [26,28], [27,27], [26,28], [27,27], [26,28], [27,27], [26,28], [27,27], [26,28], [27,27], [26,28], [27,27], [26,28], [27,27], [26,28], [27,27], [26,28], [27,27], [26,28], [27,27], [26,28], [27,27], [26,28], [27,27], [26,28], [27,27], [26,28], [27,27], [26,28], [27,27], [26,28], [27,27], [26,28], [27,27], [26,28], [27,27], [26,28], [27,27], [26,28], [27,27], [26,28], [27,27], [26,28], [27,27], [26,28], [27,27], [26,28], [27,27], [26,28], [27,27], [26,28], [27,27], [26,28], [27,27], [26,28], [27,27], [26,28], [27,27], [26,28], [27,27], [26,28]
# Episode 62 (Trapped)
[12,2], [13,3], [14,4], [15,5], [16,5], [17,5], [18,6], [18,7], [18,8], [18,9], [19,10], [19,11], [20,12], [21,13], [22,14], [23,15], [24,16], [25,17], [25,18], [26,19], [26,20], [26,21], [27,22], [27,23], [28,24], [28,25], [27,26], [27,27], [26,28], [27,27], [26,28], [27,27], [26,28], [27,27], [26,28], [27,27], [26,28], [27,27], [26,28], [27,27], [26,28], [27,27], [26,28], [27,27], [26,28], [27,27], [26,28], [27,27], [26,28], [27,27], [26,28], [27,27], [26,28], [27,27], [26,28], [27,27], [26,28], [27,27], [26,28], [27,27], [26,28], [27,27], [26,28], [27,27], [26,28], [27,27], [26,28], [27,27], [26,28], [27,27], [26,28], [27,27], [26,28], [27,27], [26,28], [27,27], [26,28], [27,27], [26,28], [27,27], [26,28], [27,27], [26,28], [27,27], [26,28], [27,27], [26,28], [27,27], [26,28], [27,27], [26,28], [27,27], [26,28], [27,27], [26,28], [27,27], [26,28], [27,27], [26,28], [27,27], [26,28]
# Episode 63 (Trapped)
[12,2], [13,3], [14,4], [15,5], [16,5], [17,5], [18,6], [18,7], [18,8], [18,9], [19,10], [19,11], [20,12], [21,13], [22,14], [23,15], [24,16], [25,17], [25,18], [26,19], [26,20], [26,21], [27,22], [27,23], [28,24], [28,25], [27,26], [27,27], [26,28], [27,27], [26,28], [27,27], [26,28], [27,27], [26,28], [27,27], [26,28], [27,27], [26,28], [27,27], [26,28], [27,27], [26,28], [27,27], [26,28], [27,27], [26,28], [27,27], [26,28], [27,27], [26,28], [27,27], [26,28], [27,27], [26,28], [27,27], [26,28], [27,27], [26,28], [27,27], [26,28], [27,27], [26,28], [27,27], [26,28], [27,27], [26,28], [27,27], [26,28], [27,27], [26,28], [27,27], [26,28], [27,27], [26,28], [27,27], [26,28], [27,27], [26,28], [27,27], [26,28], [27,27], [26,28], [27,27], [26,28], [27,27], [26,28], [27,27], [26,28], [27,27], [26,28], [27,27], [26,28], [27,27], [26,28], [27,27], [26,28], [27,27], [26,28], [27,27], [26,28]
# Episode 64 (Trapped)
[12,2], [13,3], [14,4], [15,5], [16,5], [17,5], [18,6], [18,7], [18,8], [18,9], [19,10], [19,11], [20,12], [21,13], [22,14], [23,15], [24,16], [25,17], [25,18], [26,19], [26,20], [26,21], [27,22], [27,23], [28,24], [28,25], [27,26], [27,27], [26,28], [27,27], [26,28], [27,27], [26,28], [27,27], [26,28], [27,27], [26,28], [27,27], [26,28], [27,27], [26,28], [27,27], [26,28], [27,27], [26,28], [27,27], [26,28], [27,27], [26,28], [27,27], [26,28], [27,27], [26,28], [27,27], [26,28], [27,27], [26,28], [27,27], [26,28], [27,27], [26,28], [27,27], [26,28], [27,27], [26,28], [27,27], [26,28], [27,27], [26,28], [27,27], [26,28], [27,27], [26,28], [27,27], [26,28], [27,27], [26,28], [27,27], [26,28], [27,27], [26,28], [27,27], [26,28], [27,27], [26,28], [27,27], [26,28], [27,27], [26,28], [27,27], [26,28], [27,27], [26,28], [27,27], [26,28], [27,27], [26,28], [27,27], [26,28], [27,27], [26,28]
# Episode 65 (Trapped)
[12,2], [13,3], [14,4], [15,5], [16,5], [17,5], [18,6], [18,7], [18,8], [18,9], [19,10], [19,11], [20,12], [21,13], [22,14], [23,15], [24,16], [25,17], [25,18], [26,19], [26,20], [26,21], [27,22], [27,23], [28,24], [28,25], [27,26], [27,27], [26,28], [27,27], [26,28], [27,27], [26,28], [27,27], [26,28], [27,27], [26,28], [27,27], [26,28], [27,27], [26,28], [27,27], [26,28], [27,27], [26,28], [27,27], [26,28], [27,27], [26,28], [27,27], [26,28], [27,27], [26,28], [27,27], [26,28], [27,27], [26,28], [27,27], [26,28], [27,27], [26,28], [27,27], [26,28], [27,27], [26,28], [27,27], [26,28], [27,27], [26,28], [27,27], [26,28], [27,27], [26,28], [27,27], [26,28], [27,27], [26,28], [27,27], [26,28], [27,27], [26,28], [27,27], [26,28], [27,27], [26,28], [27,27], [26,28], [27,27], [26,28], [27,27], [26,28], [27,27], [26,28], [27,27], [26,28], [27,27], [26,28], [27,27], [26,28], [27,27], [26,28]
# Episode 66 (Collision)
[12,2], [13,3], [14,4], [15,5], [16,5], [17,5], [18,6], [18,7], [18,8], [18,9], [19,10], [19,11], [20,12], [21,13], [22,14], [23,15], [24,16], [25,17], [25,18], [26,19], [26,20], [26,21], [27,22], [27,23]
# Episode 67 (Collision)
[12,2], [13,3], [14,4], [15,5], [16,5], [17,5], [18,6], [18,7], [18,8], [18,9], [19,10], [19,11], [20,12], [21,13], [22,14], [23,15], [24,16], [25,17], [25,18], [26,19], [26,20], [26,21], [27,22], [27,23]
# Episode 68 (Collision)
[12,2], [13,3], [14,4], [15,5], [16,5], [17,5], [18,6], [18,7], [18,8], [18,9], [19,10], [19,11], [20,12], [21,13], [22,14], [23,15], [24,16], [25,17], [25,18], [26,19], [26,20], [26,21], [27,22], [27,23]
# Episode 69 (Trapped)
[12,2], [13,3], [14,4], [15,5], [16,5], [17,5], [18,6], [18,7], [18,8], [18,9], [19,10], [19,11], [20,12], [21,13], [22,14], [23,15], [24,16], [25,17], [25,18], [26,19], [26,20], [26,21], [27,22], [27,23], [28,24], [28,25], [27,26], [27,27], [26,28], [27,27], [26,28], [27,27], [26,28], [27,27], [26,28], [27,27], [26,28], [27,27], [26,28], [27,27], [26,28], [27,27], [26,28], [27,27], [26,28], [27,27], [26,28], [27,27], [26,28], [27,27], [26,28], [27,27], [26,28], [27,27], [26,28], [27,27], [26,28], [27,27], [26,28], [27,27], [26,28], [27,27], [26,28], [27,27], [26,28], [27,27], [26,28], [27,27], [26,28], [27,27], [26,28], [27,27], [26,28], [27,27], [26,28], [27,27], [26,28], [27,27], [26,28], [27,27], [26,28], [27,27], [26,28], [27,27], [26,28], [27,27], [26,28], [27,27], [26,28], [27,27], [26,28], [27,27], [26,28], [27,27], [26,28], [27,27], [26,28], [27,27], [26,28], [27,27], [26,28]
# Episode 70 (Trapped)
[12,2], [13,3], [14,4], [15,5], [16,5], [17,5], [18,6], [18,7], [18,8], [18,9], [19,10], [19,11], [20,12], [21,13], [22,14], [23,15], [24,16], [25,17], [25,18], [26,19], [26,20], [26,21], [27,22], [27,23], [28,24], [28,25], [27,26], [27,27], [26,28], [27,27], [26,28], [27,27], [26,28], [27,27], [26,28], [27,27], [26,28], [27,27], [26,28], [27,27], [26,28], [27,27], [26,28], [27,27], [26,28], [27,27], [26,28], [27,27], [26,28], [27,27], [26,28], [27,27], [26,28], [27,27], [26,28], [27,27], [26,28], [27,27], [26,28], [27,27], [26,28], [27,27], [26,28], [27,27], [26,28], [27,27], [26,28], [27,27], [26,28], [27,27], [26,28], [27,27], [26,28], [27,27], [26,28], [27,27], [26,28], [27,27], [26,28], [27,27], [26,28], [27,27], [26,28], [27,27], [26,28], [27,27], [26,28], [27,27], [26,28], [27,27], [26,28], [27,27], [26,28], [27,27], [26,28], [27,27], [26,28], [27,27], [26,28], [27,27], [26,28]
# Episode 71 (Trapped)
[12,2], [13,3], [14,4], [15,5], [16,5], [17,5], [18,6], [18,7], [18,8], [18,9], [19,10], [19,11], [20,12], [21,13], [22,14], [23,15], [24,16], [25,17], [25,18], [26,19], [26,20], [26,21], [27,22], [27,23], [28,24], [28,25], [27,26], [27,27], [26,28], [27,27], [26,28], [27,27], [26,28], [27,27], [26,28], [27,27], [26,28], [27,27], [26,28], [27,27], [26,28], [27,27], [26,28], [27,27], [26,28], [27,27], [26,28], [27,27], [26,28], [27,27], [26,28], [27,27], [26,28], [27,27], [26,28], [27,27], [26,28], [27,27], [26,28], [27,27], [26,28], [27,27], [26,28], [27,27], [26,28], [27,27], [26,28], [27,27], [26,28], [27,27], [26,28], [27,27], [26,28], [27,27], [26,28], [27,27], [26,28], [27,27], [26,28], [27,27], [26,28], [27,27], [26,28], [27,27], [26,28], [27,27], [26,28], [27,27], [26,28], [27,27], [26,28], [27,27], [26,28], [27,27], [26,28], [27,27], [26,28], [27,27], [26,28], [27,27], [26,28]
# Episode 72 (Trapped)
[12,2], [13,3], [14,4], [15,5], [16,5], [17,5], [18,6], [18,7], [18,8], [18,9], [19,10], [19,11], [20,12], [21,13], [22,14], [23,15], [24,16], [25,17], [25,18], [26,19], [26,20], [26,21], [27,22], [27,23], [28,24], [28,25], [27,26], [27,27], [26,28], [27,27], [26,28], [27,27], [26,28], [27,27], [26,28], [27,27], [26,28], [27,27], [26,28], [27,27], [26,28], [27,27], [26,28], [27,27], [26,28], [27,27], [26,28], [27,27], [26,28], [27,27], [26,28], [27,27], [26,28], [27,27], [26,28], [27,27], [26,28], [27,27], [26,28], [27,27], [26,28], [27,27], [26,28], [27,27], [26,28], [27,27], [26,28], [27,27], [26,28], [27,27], [26,28], [27,27], [26,28], [27,27], [26,28], [27,27], [26,28], [27,27], [26,28], [27,27], [26,28], [27,27], [26,28], [27,27], [26,28], [27,27], [26,28], [27,27], [26,28], [27,27], [26,28], [27,27], [26,28], [27,27], [26,28], [27,27], [26,28], [27,27], [26,28], [27,27], [26,28]
# Episode 73 (Trapped)
[12,2], [13,3], [14,4], [15,5], [16,5], [17,5], [18,6], [18,7], [18,8], [18,9], [19,10], [19,11], [20,12], [21,13], [22,14], [23,15], [24,16], [25,17], [25,18], [26,19], [26,20], [26,21], [27,22], [27,23], [28,24], [28,25], [27,26], [27,27], [26,28], [27,27], [26,28], [27,27], [26,28], [27,27], [26,28], [27,27], [26,28], [27,27], [26,28], [27,27], [26,28], [27,27], [26,28], [27,27], [26,28], [27,27], [26,28], [27,27], [26,28], [27,27], [26,28], [27,27], [26,28], [27,27], [26,28], [27,27], [26,28], [27,27], [26,28], [27,27], [26,28], [27,27], [26,28], [27,27], [26,28], [27,27], [26,28], [27,27], [26,28], [27,27], [26,28], [27,27], [26,28], [27,27], [26,28], [27,27], [26,28], [27,27], [26,28], [27,27], [26,28], [27,27], [26,28], [27,27], [26,28], [27,27], [26,28], [27,27], [26,28], [27,27], [26,28], [27,27], [26,28], [27,27], [26,28], [27,27], [26,28], [27,27], [26,28], [27,27], [26,28]
# Episode 74 (Collision)
[12,2], [13,3], [14,4], [15,5], [16,5], [17,5], [18,6], [18,7], [18,8], [18,9], [19,10], [19,11], [20,12], [21,13], [22,14], [23,15], [24,16], [25,17], [25,18], [26,19], [26,20], [26,21], [27,22], [27,23]
# Episode 75 (Collision)
[12,2], [13,3], [14,4], [15,5], [16,5], [17,5], [18,6], [18,7], [18,8], [18,9], [19,10], [19,11], [20,12], [21,13], [22,14], [23,15], [24,16], [25,17], [25,18], [26,19], [26,20], [26,21], [27,22], [27,23]
# Episode 76 (Collision)
[12,2], [13,3], [14,4], [15,5], [16,5], [17,5], [18,6], [18,7], [18,8], [18,9], [19,10], [19,11], [20,12], [21,13], [22,14], [23,15], [24,16], [25,17], [25,18], [26,19], [26,20], [26,21], [27,22], [27,23]
# Episode 77 (Trapped)
[12,2], [13,3], [14,4], [15,5], [16,5], [17,5], [18,6], [18,7], [18,8], [18,9], [19,10], [19,11], [20,12], [21,13], [22,14], [23,15], [24,16], [25,17], [25,18], [26,19], [26,20], [26,21], [27,22], [27,23], [28,24], [28,25], [27,26], [27,27], [26,28], [27,27], [26,28], [27,27], [26,28], [27,27], [26,28], [27,27], [26,28], [27,27], [26,28], [27,27], [26,28], [27,27], [26,28], [27,27], [26,28], [27,27], [26,28], [27,27], [26,28], [27,27], [26,28], [27,27], [26,28], [27,27], [26,28], [27,27], [26,28], [27,27], [26,28], [27,27], [26,28], [27,27], [26,28], [27,27], [26,28], [27,27], [26,28], [27,27], [26,28], [27,27], [26,28], [27,27], [26,28], [27,27], [26,28], [27,27], [26,28], [27,27], [26,28], [27,27], [26,28], [27,27], [26,28], [27,27], [26,28], [27,27], [26,28], [27,27], [26,28], [27,27], [26,28], [27,27], [26,28], [27,27], [26,28], [27,27], [26,28], [27,27], [26,28], [27,27], [26,28]
# Episode 78 (Trapped)
[12,2], [13,3], [14,4], [15,5], [16,5], [17,5], [18,6], [18,7], [18,8], [18,9], [19,10], [19,11], [20,12], [21,13], [22,14], [23,15], [24,16], [25,17], [25,18], [26,19], [26,20], [26,21], [27,22], [27,23], [28,24], [28,25], [27,26], [27,27], [26,28], [27,27], [26,28], [27,27], [26,28], [27,27], [26,28], [27,27], [26,28], [27,27], [26,28], [27,27], [26,28], [27,27], [26,28], [27,27], [26,28], [27,27], [26,28], [27,27], [26,28], [27,27], [26,28], [27,27], [26,28], [27,27], [26,28], [27,27], [26,28], [27,27], [26,28], [27,27], [26,28], [27,27], [26,28], [27,27], [26,28], [27,27], [26,28], [27,27], [26,28], [27,27], [26,28], [27,27], [26,28], [27,27], [26,28], [27,27], [26,28], [27,27], [26,28], [27,27], [26,28], [27,27], [26,28], [27,27], [26,28], [27,27], [26,28], [27,27], [26,28], [27,27], [26,28], [27,27], [26,28], [27,27], [26,28], [27,27], [26,28], [27,27], [26,28], [27,27], [26,28]
# Episode 79 (Trapped)
[12,2], [13,3], [14,4], [15,5], [16,5], [17,5], [18,6], [18,7], [18,8], [18,9], [19,10], [19,11], [20,12], [21,13], [22,14], [23,15], [24,16], [25,17], [25,18], [26,19], [26,20], [26,21], [27,22], [27,23], [28,24], [28,25], [27,26], [27,27], [26,28], [27,27], [26,28], [27,27], [26,28], [27,27], [26,28], [27,27], [26,28], [27,27], [26,28], [27,27], [26,28], [27,27], [26,28], [27,27], [26,28], [27,27], [26,28], [27,27], [26,28], [27,27], [26,28], [27,27], [26,28], [27,27], [26,28], [27,27], [26,28], [27,27], [26,28], [27,27], [26,28], [27,27], [26,28], [27,27], [26,28], [27,27], [26,28], [27,27], [26,28], [27,27], [26,28], [27,27], [26,28], [27,27], [26,28], [27,27], [26,28], [27,27], [26,28], [27,27], [26,28], [27,27], [26,28], [27,27], [26,28], [27,27], [26,28], [27,27], [26,28], [27,27], [26,28], [27,27], [26,28], [27,27], [26,28], [27,27], [26,28], [27,27], [26,28], [27,27], [26,28]
# Episode 80 (Trapped)
[12,2], [13,3], [14,4], [15,5], [16,5], [17,5], [18,6], [18,7], [18,8], [18,9], [19,10], [19,11], [20,12], [21,13], [22,14], [23,15], [24,16], [25,17], [25,18], [26,19], [26,20], [26,21], [27,22], [27,23], [28,24], [28,25], [27,26], [27,27], [26,28], [27,27], [26,28], [27,27], [26,28], [27,27], [26,28], [27,27], [26,28], [27,27], [26,28], [27,27], [26,28], [27,27], [26,28], [27,27], [26,28], [27,27], [26,28], [27,27], [26,28], [27,27], [26,28], [27,27], [26,28], [27,27], [26,28], [27,27], [26,28], [27,27], [26,28], [27,27], [26,28], [27,27], [26,28], [27,27], [26,28], [27,27], [26,28], [27,27], [26,28], [27,27], [26,28], [27,27], [26,28], [27,27], [26,28], [27,27], [26,28], [27,27], [26,28], [27,27], [26,28], [27,27], [26,28], [27,27], [26,28], [27,27], [26,28], [27,27], [26,28], [27,27], [26,28], [27,27], [26,28], [27,27], [26,28], [27,27], [26,28], [27,27], [26,28], [27,27], [26,28]
# Episode 81 (Trapped)
[12,2], [13,3], [14,4], [15,5], [16,5], [17,5], [18,6], [18,7], [18,8], [18,9], [19,10], [19,11], [20,12], [21,13], [22,14], [23,15], [24,16], [25,17], [25,18], [26,19], [26,20], [26,21], [27,22], [27,23], [28,24], [28,25], [27,26], [27,27], [26,28], [27,27], [26,28], [27,27], [26,28], [27,27], [26,28], [27,27], [26,28], [27,27], [26,28], [27,27], [26,28], [27,27], [26,28], [27,27], [26,28], [27,27], [26,28], [27,27], [26,28], [27,27], [26,28], [27,27], [26,28], [27,27], [26,28], [27,27], [26,28], [27,27], [26,28], [27,27], [26,28], [27,27], [26,28], [27,27], [26,28], [27,27], [26,28], [27,27], [26,28], [27,27], [26,28], [27,27], [26,28], [27,27], [26,28], [27,27], [26,28], [27,27], [26,28], [27,27], [26,28], [27,27], [26,28], [27,27], [26,28], [27,27], [26,28], [27,27], [26,28], [27,27], [26,28], [27,27], [26,28], [27,27], [26,28], [27,27], [26,28], [27,27], [26,28], [27,27], [26,28]
# Episode 82 (Collision)
[12,2], [13,3], [14,4], [15,5], [16,5], [17,5], [18,6], [18,7], [18,8], [18,9], [19,10], [19,11], [20,12], [21,13], [22,14], [23,15], [24,16], [25,17], [25,18], [26,19], [26,20], [26,21], [27,22], [27,23]
# Episode 83 (Collision)
[12,2], [13,3], [14,4], [15,5], [16,5], [17,5], [18,6], [18,7], [18,8], [18,9], [19,10], [19,11], [20,12], [21,13], [22,14], [23,15], [24,16], [25,17], [25,18], [26,19], [26,20], [26,21], [27,22], [27,23]
# Episode 84 (Collision)
[12,2], [13,3], [14,4], [15,5], [16,5], [17,5], [18,6], [18,7], [18,8], [18,9], [19,10], [19,11], [20,12], [21,13], [22,14], [23,15], [24,16], [25,17], [25,18], [26,19], [26,20], [26,21], [27,22], [27,23]
# Episode 85 (Trapped)
[12,2], [13,3], [14,4], [15,5], [16,5], [17,5], [18,6], [18,7], [18,8], [18,9], [19,10], [19,11], [20,12], [21,13], [22,14], [23,15], [24,16], [25,17], [25,18], [26,19], [26,20], [26,21], [27,22], [27,23], [28,24], [28,25], [27,26], [27,27], [26,28], [27,27], [26,28], [27,27], [26,28], [27,27], [26,28], [27,27], [26,28], [27,27], [26,28], [27,27], [26,28], [27,27], [26,28], [27,27], [26,28], [27,27], [26,28], [27,27], [26,28], [27,27], [26,28], [27,27], [26,28], [27,27], [26,28], [27,27], [26,28], [27,27], [26,28], [27,27], [26,28], [27,27], [26,28], [27,27], [26,28], [27,27], [26,28], [27,27], [26,28], [27,27], [26,28], [27,27], [26,28], [27,27], [26,28], [27,27], [26,28], [27,27], [26,28], [27,27], [26,28], [27,27], [26,28], [27,27], [26,28], [27,27], [26,28], [27,27], [26,28], [27,27], [26,28], [27,27], [26,28], [27,27], [26,28], [27,27], [26,28], [27,27], [26,28], [27,27], [26,28]
# Episode 86 (Trapped)
[12,2], [13,3], [14,4], [15,5], [16,5], [17,5], [18,6], [18,7], [18,8], [18,9], [19,10], [19,11], [20,12], [21,13], [22,14], [23,15], [24,16], [25,17], [25,18], [26,19], [26,20], [26,21], [27,22], [27,23], [28,24], [28,25], [27,26], [27,27], [26,28], [27,27], [26,28], [27,27], [26,28], [27,27], [26,28], [27,27], [26,28], [27,27], [26,28], [27,27], [26,28], [27,27], [26,28], [27,27], [26,28], [27,27], [26,28], [27,27], [26,28], [27,27], [26,28], [27,27], [26,28], [27,27], [26,28], [27,27], [26,28], [27,27], [26,28], [27,27], [26,28], [27,27], [26,28], [27,27], [26,28], [27,27], [26,28], [27,27], [26,28], [27,27], [26,28], [27,27], [26,28], [27,27], [26,28], [27,27], [26,28], [27,27], [26,28], [27,27], [26,28], [27,27], [26,28], [27,27], [26,28], [27,27], [26,28], [27,27], [26,28], [27,27], [26,28], [27,27], [26,28], [27,27], [26,28], [27,27], [26,28], [27,27], [26,28], [27,27], [26,28]
# Episode 87 (Trapped)
[12,2], [13,3], [14,4], [15,5], [16,5], [17,5], [18,6], [18,7], [18,8], [18,9], [19,10], [19,11], [20,12], [21,13], [22,14], [23,15], [24,16], [25,17], [25,18], [26,19], [26,20], [26,21], [27,22], [27,23], [28,24], [28,25], [27,26], [27,27], [26,28], [27,27], [26,28], [27,27], [26,28], [27,27], [26,28], [27,27], [26,28], [27,27], [26,28], [27,27], [26,28], [27,27], [26,28], [27,27], [26,28], [27,27], [26,28], [27,27], [26,28], [27,27], [26,28], [27,27], [26,28], [27,27], [26,28], [27,27], [26,28], [27,27], [26,28], [27,27], [26,28], [27,27], [26,28], [27,27], [26,28], [27,27], [26,28], [27,27], [26,28], [27,27], [26,28], [27,27], [26,28], [27,27], [26,28], [27,27], [26,28], [27,27], [26,28], [27,27], [26,28], [27,27], [26,28], [27,27], [26,28], [27,27], [26,28], [27,27], [26,28], [27,27], [26,28], [27,27], [26,28], [27,27], [26,28], [27,27], [26,28], [27,27], [26,28], [27,27], [26,28]
# Episode 88 (Trapped)
[12,2], [13,3], [14,4], [15,5], [16,5], [17,5], [18,6], [18,7], [18,8], [18,9], [19,10], [19,11], [20,12], [21,13], [22,14], [23,15], [24,16], [25,17], [25,18], [26,19], [26,20], [26,21], [27,22], [27,23], [28,24], [28,25], [27,26], [27,27], [26,28], [27,27], [26,28], [27,27], [26,28], [27,27], [26,28], [27,27], [26,28], [27,27], [26,28], [27,27], [26,28], [27,27], [26,28], [27,27], [26,28], [27,27], [26,28], [27,27], [26,28], [27,27], [26,28], [27,27], [26,28], [27,27], [26,28], [27,27], [26,28], [27,27], [26,28], [27,27], [26,28], [27,27], [26,28], [27,27], [26,28], [27,27], [26,28], [27,27], [26,28], [27,27], [26,28], [27,27], [26,28], [27,27], [26,28], [27,27], [26,28], [27,27], [26,28], [27,27], [26,28], [27,27], [26,28], [27,27], [26,28], [27,27], [26,28], [27,27], [26,28], [27,27], [26,28], [27,27], [26,28], [27,27], [26,28], [27,27], [26,28], [27,27], [26,28], [27,27], [26,28]
# Episode 89 (Trapped)
[12,2], [13,3], [14,4], [15,5], [16,5], [17,5], [18,6], [18,7], [18,8], [18,9], [19,10], [19,11], [20,12], [21,13], [22,14], [23,15], [24,16], [25,17], [25,18], [26,19], [26,20], [26,21], [27,22], [27,23], [28,24], [28,25], [27,26], [27,27], [26,28], [27,27], [26,28], [27,27], [26,28], [27,27], [26,28], [27,27], [26,28], [27,27], [26,28], [27,27], [26,28], [27,27], [26,28], [27,27], [26,28], [27,27], [26,28], [27,27], [26,28], [27,27], [26,28], [27,27], [26,28], [27,27], [26,28], [27,27], [26,28], [27,27], [26,28], [27,27], [26,28], [27,27], [26,28], [27,27], [26,28], [27,27], [26,28], [27,27], [26,28], [27,27], [26,28], [27,27], [26,28], [27,27], [26,28], [27,27], [26,28], [27,27], [26,28], [27,27], [26,28], [27,27], [26,28], [27,27], [26,28], [27,27], [26,28], [27,27], [26,28], [27,27], [26,28], [27,27], [26,28], [27,27], [26,28], [27,27], [26,28], [27,27], [26,28], [27,27], [26,28]
# Episode 90 (Collision)
[12,2], [13,3], [14,4], [15,5], [16,5], [17,5], [18,6], [18,7], [18,8], [18,9], [19,10], [19,11], [20,12], [21,13], [22,14], [23,15], [24,16], [25,17], [25,18], [26,19], [26,20], [26,21], [27,22], [27,23]
# Episode 91 (Collision)
[12,2], [13,3], [14,4], [15,5], [16,5], [17,5], [18,6], [18,7], [18,8], [18,9], [19,10], [19,11], [20,12], [21,13], [22,14], [23,15], [24,16], [25,17], [25,18], [26,19], [26,20], [26,21], [27,22], [27,23]
# Episode 92 (Collision)
[12,2], [13,3], [14,4], [15,5], [16,5], [17,5], [18,6], [18,7], [18,8], [18,9], [19,10], [19,11], [20,12], [21,13], [22,14], [23,15], [24,16], [25,17], [25,18], [26,19], [26,20], [26,21], [27,22], [27,23]
# Episode 93 (Trapped)
[12,2], [13,3], [14,4], [15,5], [16,5], [17,5], [18,6], [18,7], [18,8], [18,9], [19,10], [19,11], [20,12], [21,13], [22,14], [23,15], [24,16], [25,17], [25,18], [26,19], [26,20], [26,21], [27,22], [27,23], [28,24], [28,25], [27,26], [27,27], [26,28], [27,27], [26,28], [27,27], [26,28], [27,27], [26,28], [27,27], [26,28], [27,27], [26,28], [27,27], [26,28], [27,27], [26,28], [27,27], [26,28], [27,27], [26,28], [27,27], [26,28], [27,27], [26,28], [27,27], [26,28], [27,27], [26,28], [27,27], [26,28], [27,27], [26,28], [27,27], [26,28], [27,27], [26,28], [27,27], [26,28], [27,27], [26,28], [27,27], [26,28], [27,27], [26,28], [27,27], [26,28], [27,27], [26,28], [27,27], [26,28], [27,27], [26,28], [27,27], [26,28], [27,27], [26,28], [27,27], [26,28], [27,27], [26,28], [27,27], [26,28], [27,27], [26,28], [27,27], [26,28], [27,27], [26,28], [27,27], [26,28], [27,27], [26,28], [27,27], [26,28]
# Episode 94 (Trapped)
[12,2], [13,3], [14,4], [15,5], [16,5], [17,5], [18,6], [18,7], [18,8], [18,9], [19,10], [19,11], [20,12], [21,13], [22,14], [23,15], [24,16], [25,17], [25,18], [26,19], [26,20], [26,21], [27,22], [27,23], [28,24], [28,25], [27,26], [27,27], [26,28], [27,27], [26,28], [27,27], [26,28], [27,27], [26,28], [27,27], [26,28], [27,27], [26,28], [27,27], [26,28], [27,27], [26,28], [27,27], [26,28], [27,27], [26,28], [27,27], [26,28], [27,27], [26,28], [27,27], [26,28], [27,27], [26,28], [27,27], [26,28], [27,27], [26,28], [27,27], [26,28], [27,27], [26,28], [27,27], [26,28], [27,27], [26,28], [27,27], [26,28], [27,27], [26,28], [27,27], [26,28], [27,27], [26,28], [27,27], [26,28], [27,27], [26,28], [27,27], [26,28], [27,27], [26,28], [27,27], [26,28], [27,27], [26,28], [27,27], [26,28], [27,27], [26,28], [27,27], [26,28], [27,27], [26,28], [27,27], [26,28], [27,27], [26,28], [27,27], [26,28]
# Episode 95 (Trapped)
[12,2], [13,3], [14,4], [15,5], [16,5], [17,5], [18,6], [18,7], [18,8], [18,9], [19,10], [19,11], [20,12], [21,13], [22,14], [23,15], [24,16], [25,17], [25,18], [26,19], [26,20], [26,21], [27,22], [27,23], [28,24], [28,25], [27,26], [27,27], [26,28], [27,27], [26,28], [27,27], [26,28], [27,27], [26,28], [27,27], [26,28], [27,27], [26,28], [27,27], [26,28], [27,27], [26,28], [27,27], [26,28], [27,27], [26,28], [27,27], [26,28], [27,27], [26,28], [27,27], [26,28], [27,27], [26,28], [27,27], [26,28], [27,27], [26,28], [27,27], [26,28], [27,27], [26,28], [27,27], [26,28], [27,27], [26,28], [27,27], [26,28], [27,27], [26,28], [27,27], [26,28], [27,27], [26,28], [27,27], [26,28], [27,27], [26,28], [27,27], [26,28], [27,27], [26,28], [27,27], [26,28], [27,27], [26,28], [27,27], [26,28], [27,27], [26,28], [27,27], [26,28], [27,27], [26,28], [27,27], [26,28], [27,27], [26,28], [27,27], [26,28]
# Episode 96 (Trapped)
[12,2], [13,3], [14,4], [15,5], [16,5], [17,5], [18,6], [18,7], [18,8], [18,9], [19,10], [19,11], [20,12], [21,13], [22,14], [23,15], [24,16], [25,17], [25,18], [26,19], [26,20], [26,21], [27,22], [27,23], [28,24], [28,25], [27,26], [27,27], [26,28], [27,27], [26,28], [27,27], [26,28], [27,27], [26,28], [27,27], [26,28], [27,27], [26,28], [27,27], [26,28], [27,27], [26,28], [27,27], [26,28], [27,27], [26,28], [27,27], [26,28], [27,27], [26,28], [27,27], [26,28], [27,27], [26,28], [27,27], [26,28], [27,27], [26,28], [27,27], [26,28], [27,27], [26,28], [27,27], [26,28], [27,27], [26,28], [27,27], [26,28], [27,27], [26,28], [27,27], [26,28], [27,27], [26,28], [27,27], [26,28], [27,27], [26,28], [27,27], [26,28], [27,27], [26,28], [27,27], [26,28], [27,27], [26,28], [27,27], [26,28], [27,27], [26,28], [27,27], [26,28], [27,27], [26,28], [27,27], [26,28], [27,27], [26,28], [27,27], [26,28]
# Episode 97 (Trapped)
[12,2], [13,3], [14,4], [15,5], [16,5], [17,5], [18,6], [18,7], [18,8], [18,9], [19,10], [19,11], [20,12], [21,13], [22,14], [23,15], [24,16], [25,17], [25,18], [26,19], [26,20], [26,21], [27,22], [27,23], [28,24], [28,25], [27,26], [27,27], [26,28], [27,27], [26,28], [27,27], [26,28], [27,27], [26,28], [27,27], [26,28], [27,27], [26,28], [27,27], [26,28], [27,27], [26,28], [27,27], [26,28], [27,27], [26,28], [27,27], [26,28], [27,27], [26,28], [27,27], [26,28], [27,27], [26,28], [27,27], [26,28], [27,27], [26,28], [27,27], [26,28], [27,27], [26,28], [27,27], [26,28], [27,27], [26,28], [27,27], [26,28], [27,27], [26,28], [27,27], [26,28], [27,27], [26,28], [27,27], [26,28], [27,27], [26,28], [27,27], [26,28], [27,27], [26,28], [27,27], [26,28], [27,27], [26,28], [27,27], [26,28], [27,27], [26,28], [27,27], [26,28], [27,27], [26,28], [27,27], [26,28], [27,27], [26,28], [27,27], [26,28]
# Episode 98 (Trapped)
[12,2], [13,3], [14,4], [15,5], [16,5], [17,5], [18,6], [18,7], [18,8], [18,9], [19,10], [19,11], [20,12], [21,13], [22,14], [23,15], [24,16], [25,17], [25,18], [26,19], [26,20], [26,21], [27,22], [27,23], [28,24], [28,25], [27,26], [27,27], [26,28], [27,27], [26,28], [27,27], [26,28], [27,27], [26,28], [27,27], [26,28], [27,27], [26,28], [27,27], [26,28], [27,27], [26,28], [27,27], [26,28], [27,27], [26,28], [27,27], [26,28], [27,27], [26,28], [27,27], [26,28], [27,27], [26,28], [27,27], [26,28], [27,27], [26,28], [27,27], [26,28], [27,27], [26,28], [27,27], [26,28], [27,27], [26,28], [27,27], [26,28], [27,27], [26,28], [27,27], [26,28], [27,27], [26,28], [27,27], [26,28], [27,27], [26,28], [27,27], [26,28], [27,27], [26,28], [27,27], [26,28], [27,27], [26,28], [27,27], [26,28], [27,27], [26,28], [27,27], [26,28], [27,27], [26,28], [27,27], [26,28], [27,27], [26,28], [27,27], [26,28]
# Episode 99 (Trapped)
[12,2], [13,3], [14,4], [15,5], [16,5], [17,5], [18,6], [18,7], [18,8], [18,9], [19,10], [19,11], [20,12], [21,13], [22,14], [23,15], [24,16], [25,17], [25,18], [26,19], [26,20], [26,21], [27,22], [27,23], [28,24], [28,25], [27,26], [27,27], [26,28], [27,27], [26,28], [27,27], [26,28], [27,27], [26,28], [27,27], [26,28], [27,27], [26,28], [27,27], [26,28], [27,27], [26,28], [27,27], [26,28], [27,27], [26,28], [27,27], [26,28], [27,27], [26,28], [27,27], [26,28], [27,27], [26,28], [27,27], [26,28], [27,27], [26,28], [27,27], [26,28], [27,27], [26,28], [27,27], [26,28], [27,27], [26,28], [27,27], [26,28], [27,27], [26,28], [27,27], [26,28], [27,27], [26,28], [27,27], [26,28], [27,27], [26,28], [27,27], [26,28], [27,27], [26,28], [27,27], [26,28], [27,27], [26,28], [27,27], [26,28], [27,27], [26,28], [27,27], [26,28], [27,27], [26,28], [27,27], [26,28], [27,27], [26,28], [27,27], [26,28]
# Episode 100 (Collision)
[12,2], [13,3], [14,4], [15,5], [16,5], [17,5], [18,6], [18,7], [18,8], [18,9], [19,10], [19,11], [20,12], [21,13], [22,14], [23,15], [24,16], [25,17], [25,18], [26,19], [26,20], [26,21], [27,22], [27,23]
