# Episode 1 (Collision)
[28,4], [27,5], [26,6], [25,7], [24,8], [23,9], 
# Episode 2 (Collision)
[28,4], [27,5], [26,6], [25,7], [24,8], [23,9], 
# Episode 3 (Collision)
[28,4], [27,5], [26,6], [25,7], [24,8], [23,9], 
# Episode 4 (Collision)
[28,4], [27,5], [26,6], [25,7], [24,8], [23,9], 
# Episode 5 (Collision)
[28,4], [27,5], [26,6], [25,7], [24,8], [23,9], 
# Episode 6 (Collision)
[28,4], [27,5], [26,6], [25,7], [24,8], [23,9], 
# Episode 7 (Collision)
[28,4], [27,5], [26,6], [25,7], [24,8], [23,9], 
# Episode 8 (Collision)
[28,4], [27,5], [26,6], [25,7], [24,8], [23,9], 
# Episode 9 (Collision)
[28,4], [27,5], [26,6], [25,7], [24,8], [23,9], 
# Episode 10 (Collision)
[28,4], [27,5], [26,6], [25,7], [24,8], [23,9], 
# Episode 11 (Collision)
[28,4], [27,5], [26,6], [25,7], [24,8], [23,9], 
# Episode 12 (Collision)
[28,4], [27,5], [26,6], [25,7], [24,8], [23,9], 
# Episode 13 (Collision)
[28,4], [27,5], [26,6], [25,7], [24,8], [23,9], 
# Episode 14 (Collision)
[28,4], [27,5], [26,6], [25,7], [24,8], [23,9], 
# Episode 15 (Collision)
[28,4], [27,5], [26,6], [25,7], [24,8], [23,9], 
# Episode 16 (Collision)
[28,4], [27,5], [26,6], [25,7], [24,8], [23,9], 
# Episode 17 (Collision)
[28,4], [27,5], [26,6], [25,7], [24,8], [23,9], 
# Episode 18 (Collision)
[28,4], [27,5], [26,6], [25,7], [24,8], [23,9], 
# Episode 19 (Collision)
[28,4], [27,5], [26,6], [25,7], [24,8], [23,9], 
# Episode 20 (Collision)
[28,4], [27,5], [26,6], [25,7], [24,8], [23,9], 
# Episode 21 (Collision)
[28,4], [27,5], [26,6], [25,7], [24,8], [23,9], 
# Episode 22 (Collision)
[28,4], [27,5], [26,6], [25,7], [24,8], [23,9], 
# Episode 23 (Collision)
[28,4], [27,5], [26,6], [25,7], [24,8], [23,9], 
# Episode 24 (Collision)
[28,4], [27,5], [26,6], [25,7], [24,8], [23,9], 
# Episode 25 (Collision)
[28,4], [27,5], [26,6], [25,7], [24,8], [23,9], 
# Episode 26 (Collision)
[28,4], [27,5], [26,6], [25,7], [24,8], [23,9], 
# Episode 27 (Collision)
[28,4], [27,5], [26,6], [25,7], [24,8], [23,9], 
# Episode 28 (Collision)
[28,4], [27,5], [26,6], [25,7], [24,8], [23,9], 
# Episode 29 (Collision)
[28,4], [27,5], [26,6], [25,7], [24,8], [23,9], 
# Episode 30 (Collision)
[28,4], [27,5], [26,6], [25,7], [24,8], [23,9], 
# Episode 31 (Collision)
[28,4], [27,5], [26,6], [25,7], [24,8], [23,9], 
# Episode 32 (Collision)
[28,4], [27,5], [26,6], [25,7], [24,8], [23,9], 
# Episode 33 (Collision)
[28,4], [27,5], [26,6], [25,7], [24,8], [23,9], 
# Episode 34 (Collision)
[28,4], [27,5], [26,6], [25,7], [24,8], [23,9], 
# Episode 35 (Collision)
[28,4], [27,5], [26,6], [25,7], [24,8], [23,9], 
# Episode 36 (Collision)
[28,4], [27,5], [26,6], [25,7], [24,8], [23,9], 
# Episode 37 (Collision)
[28,4], [27,5], [26,6], [25,7], [24,8], [23,9], 
# Episode 38 (Collision)
[28,4], [27,5], [26,6], [25,7], [24,8], [23,9], 
# Episode 39 (Collision)
[28,4], [27,5], [26,6], [25,7], [24,8], [23,9], 
# Episode 40 (Collision)
[28,4], [27,5], [26,6], [25,7], [24,8], [23,9], 
# Episode 41 (Collision)
[28,4], [27,5], [26,6], [25,7], [24,8], [23,9], 
# Episode 42 (Collision)
[28,4], [27,5], [26,6], [25,7], [24,8], [23,9], 
# Episode 43 (Collision)
[28,4], [27,5], [26,6], [25,7], [24,8], [23,9], 
# Episode 44 (Collision)
[28,4], [27,5], [26,6], [25,7], [24,8], [23,9], 
# Episode 45 (Collision)
[28,4], [27,5], [26,6], [25,7], [24,8], [23,9], 
# Episode 46 (Collision)
[28,4], [27,5], [26,6], [25,7], [24,8], [23,9], 
# Episode 47 (Collision)
[28,4], [27,5], [26,6], [25,7], [24,8], [23,9], 
# Episode 48 (Collision)
[28,4], [27,5], [26,6], [25,7], [24,8], [23,9], 
# Episode 49 (Collision)
[28,4], [27,5], [26,6], [25,7], [24,8], [23,9], 
# Episode 50 (Collision)
[28,4], [27,5], [26,6], [25,7], [24,8], [23,9], 
# Episode 51 (Collision)
[28,4], [27,5], [26,6], [25,7], [24,8], [23,9], 
# Episode 52 (Collision)
[28,4], [27,5], [26,6], [25,7], [24,8], [23,9], 
# Episode 53 (Collision)
[28,4], [27,5], [26,6], [25,7], [24,8], [23,9], 
# Episode 54 (Collision)
[28,4], [27,5], [26,6], [25,7], [24,8], [23,9], 
# Episode 55 (Collision)
[28,4], [27,5], [26,6], [25,7], [24,8], [23,9], 
# Episode 56 (Collision)
[28,4], [27,5], [26,6], [25,7], [24,8], [23,9], 
# Episode 57 (Collision)
[28,4], [27,5], [26,6], [25,7], [24,8], [23,9], 
# Episode 58 (Collision)
[28,4], [27,5], [26,6], [25,7], [24,8], [23,9], 
# Episode 59 (Collision)
[28,4], [27,5], [26,6], [25,7], [24,8], [23,9], 
# Episode 60 (Collision)
[28,4], [27,5], [26,6], [25,7], [24,8], [23,9], 
# Episode 61 (Collision)
[28,4], [27,5], [26,6], [25,7], [24,8], [23,9], 
# Episode 62 (Collision)
[28,4], [27,5], [26,6], [25,7], [24,8], [23,9], 
# Episode 63 (Collision)
[28,4], [27,5], [26,6], [25,7], [24,8], [23,9], 
# Episode 64 (Collision)
[28,4], [27,5], [26,6], [25,7], [24,8], [23,9], 
# Episode 65 (Collision)
[28,4], [27,5], [26,6], [25,7], [24,8], [23,9], 
# Episode 66 (Collision)
[28,4], [27,5], [26,6], [25,7], [24,8], [23,9], 
# Episode 67 (Collision)
[28,4], [27,5], [26,6], [25,7], [24,8], [23,9], 
# Episode 68 (Collision)
[28,4], [27,5], [26,6], [25,7], [24,8], [23,9], 
# Episode 69 (Collision)
[28,4], [27,5], [26,6], [25,7], [24,8], [23,9], 
# Episode 70 (Collision)
[28,4], [27,5], [26,6], [25,7], [24,8], [23,9], 
# Episode 71 (Collision)
[28,4], [27,5], [26,6], [25,7], [24,8], [23,9], 
# Episode 72 (Collision)
[28,4], [27,5], [26,6], [25,7], [24,8], [23,9], 
# Episode 73 (Collision)
[28,4], [27,5], [26,6], [25,7], [24,8], [23,9], 
# Episode 74 (Collision)
[28,4], [27,5], [26,6], [25,7], [24,8], [23,9], 
# Episode 75 (Collision)
[28,4], [27,5], [26,6], [25,7], [24,8], [23,9], 
# Episode 76 (Collision)
[28,4], [27,5], [26,6], [25,7], [24,8], [23,9], 
# Episode 77 (Collision)
[28,4], [27,5], [26,6], [25,7], [24,8], [23,9], 
# Episode 78 (Collision)
[28,4], [27,5], [26,6], [25,7], [24,8], [23,9], 
# Episode 79 (Collision)
[28,4], [27,5], [26,6], [25,7], [24,8], [23,9], 
# Episode 80 (Collision)
[28,4], [27,5], [26,6], [25,7], [24,8], [23,9], 
# Episode 81 (Collision)
[28,4], [27,5], [26,6], [25,7], [24,8], [23,9], 
# Episode 82 (Collision)
[28,4], [27,5], [26,6], [25,7], [24,8], [23,9], 
# Episode 83 (Collision)
[28,4], [27,5], [26,6], [25,7], [24,8], [23,9], 
# Episode 84 (Collision)
[28,4], [27,5], [26,6], [25,7], [24,8], [23,9], 
# Episode 85 (Collision)
[28,4], [27,5], [26,6], [25,7], [24,8], [23,9], 
# Episode 86 (Collision)
[28,4], [27,5], [26,6], [25,7], [24,8], [23,9], 
# Episode 87 (Collision)
[28,4], [27,5], [26,6], [25,7], [24,8], [23,9], 
# Episode 88 (Collision)
[28,4], [27,5], [26,6], [25,7], [24,8], [23,9], 
# Episode 89 (Collision)
[28,4], [27,5], [26,6], [25,7], [24,8], [23,9], 
# Episode 90 (Collision)
[28,4], [27,5], [26,6], [25,7], [24,8], [23,9], 
# Episode 91 (Collision)
[28,4], [27,5], [26,6], [25,7], [24,8], [23,9], 
# Episode 92 (Collision)
[28,4], [27,5], [26,6], [25,7], [24,8], [23,9], 
# Episode 93 (Collision)
[28,4], [27,5], [26,6], [25,7], [24,8], [23,9], 
# Episode 94 (Collision)
[28,4], [27,5], [26,6], [25,7], [24,8], [23,9], 
# Episode 95 (Collision)
[28,4], [27,5], [26,6], [25,7], [24,8], [23,9], 
# Episode 96 (Collision)
[28,4], [27,5], [26,6], [25,7], [24,8], [23,9], 
# Episode 97 (Collision)
[28,4], [27,5], [26,6], [25,7], [24,8], [23,9], 
# Episode 98 (Collision)
[28,4], [27,5], [26,6], [25,7], [24,8], [23,9], 
# Episode 99 (Collision)
[28,4], [27,5], [26,6], [25,7], [24,8], [23,9], 
# Episode 100 (Collision)
[28,4], [27,5], [26,6], [25,7], [24,8], [23,9], 
# Episode 101 (Collision)
[28,4], [27,5], [26,6], [25,7], [24,8], [23,9], 
# Episode 102 (Collision)
[28,4], [27,5], [26,6], [25,7], [24,8], [23,9], 
# Episode 103 (Collision)
[28,4], [27,5], [26,6], [25,7], [24,8], [23,9], 
# Episode 104 (Collision)
[28,4], [27,5], [26,6], [25,7], [24,8], [23,9], 
# Episode 105 (Collision)
[28,4], [27,5], [26,6], [25,7], [24,8], [23,9], 
# Episode 106 (Collision)
[28,4], [27,5], [26,6], [25,7], [24,8], [23,9], 
# Episode 107 (Collision)
[28,4], [27,5], [26,6], [25,7], [24,8], [23,9], 
# Episode 108 (Collision)
[28,4], [27,5], [26,6], [25,7], [24,8], [23,9], 
# Episode 109 (Collision)
[28,4], [27,5], [26,6], [25,7], [24,8], [23,9], 
# Episode 110 (Collision)
[28,4], [27,5], [26,6], [25,7], [24,8], [23,9], 
# Episode 111 (Collision)
[28,4], [27,5], [26,6], [25,7], [24,8], [23,9], 
# Episode 112 (Collision)
[28,4], [27,5], [26,6], [25,7], [24,8], [23,9], 
# Episode 113 (Collision)
[28,4], [27,5], [26,6], [25,7], [24,8], [23,9], 
# Episode 114 (Collision)
[28,4], [27,5], [26,6], [25,7], [24,8], [23,9], 
# Episode 115 (Collision)
[28,4], [27,5], [26,6], [25,7], [24,8], [23,9], 
# Episode 116 (Collision)
[28,4], [27,5], [26,6], [25,7], [24,8], [23,9], 
# Episode 117 (Collision)
[28,4], [27,5], [26,6], [25,7], [24,8], [23,9], 
# Episode 118 (Collision)
[28,4], [27,5], [26,6], [25,7], [24,8], [23,9], 
# Episode 119 (Collision)
[28,4], [27,5], [26,6], [25,7], [24,8], [23,9], 
# Episode 120 (Collision)
[28,4], [27,5], [26,6], [25,7], [24,8], [23,9], 
# Episode 121 (Collision)
[28,4], [27,5], [26,6], [25,7], [24,8], [23,9], 
# Episode 122 (Collision)
[28,4], [27,5], [26,6], [25,7], [24,8], [23,9], 
# Episode 123 (Collision)
[28,4], [27,5], [26,6], [25,7], [24,8], [23,9], 
# Episode 124 (Collision)
[28,4], [27,5], [26,6], [25,7], [24,8], [23,9], 
# Episode 125 (Collision)
[28,4], [27,5], [26,6], [25,7], [24,8], [23,9], 
# Episode 126 (Collision)
[28,4], [27,5], [26,6], [25,7], [24,8], [23,9], 
# Episode 127 (Collision)
[28,4], [27,5], [26,6], [25,7], [24,8], [23,9], 
# Episode 128 (Collision)
[28,4], [27,5], [26,6], [25,7], [24,8], [23,9], 
# Episode 129 (Collision)
[28,4], [27,5], [26,6], [25,7], [24,8], [23,9], 
# Episode 130 (Collision)
[28,4], [27,5], [26,6], [25,7], [24,8], [23,9], 
# Episode 131 (Collision)
[28,4], [27,5], [26,6], [25,7], [24,8], [23,9], 
# Episode 132 (Collision)
[28,4], [27,5], [26,6], [25,7], [24,8], [23,9], 
# Episode 133 (Collision)
[28,4], [27,5], [26,6], [25,7], [24,8], [23,9], 
# Episode 134 (Collision)
[28,4], [27,5], [26,6], [25,7], [24,8], [23,9], 
# Episode 135 (Collision)
[28,4], [27,5], [26,6], [25,7], [24,8], [23,9], 
# Episode 136 (Collision)
[28,4], [27,5], [26,6], [25,7], [24,8], [23,9], 
# Episode 137 (Collision)
[28,4], [27,5], [26,6], [25,7], [24,8], [23,9], 
# Episode 138 (Collision)
[28,4], [27,5], [26,6], [25,7], [24,8], [23,9], 
# Episode 139 (Collision)
[28,4], [27,5], [26,6], [25,7], [24,8], [23,9], 
# Episode 140 (Collision)
[28,4], [27,5], [26,6], [25,7], [24,8], [23,9], 
# Episode 141 (Collision)
[28,4], [27,5], [26,6], [25,7], [24,8], [23,9], 
# Episode 142 (Collision)
[28,4], [27,5], [26,6], [25,7], [24,8], [23,9], 
# Episode 143 (Collision)
[28,4], [27,5], [26,6], [25,7], [24,8], [23,9], 
# Episode 144 (Collision)
[28,4], [27,5], [26,6], [25,7], [24,8], [23,9], 
# Episode 145 (Collision)
[28,4], [27,5], [26,6], [25,7], [24,8], [23,9], 
# Episode 146 (Collision)
[28,4], [27,5], [26,6], [25,7], [24,8], [23,9], 
# Episode 147 (Collision)
[28,4], [27,5], [26,6], [25,7], [24,8], [23,9], 
# Episode 148 (Collision)
[28,4], [27,5], [26,6], [25,7], [24,8], [23,9], 
# Episode 149 (Collision)
[28,4], [27,5], [26,6], [25,7], [24,8], [23,9], 
# Episode 150 (Collision)
[28,4], [27,5], [26,6], [25,7], [24,8], [23,9], 
# Episode 151 (Collision)
[28,4], [27,5], [26,6], [25,7], [24,8], [23,9], 
# Episode 152 (Collision)
[28,4], [27,5], [26,6], [25,7], [24,8], [23,9], 
# Episode 153 (Collision)
[28,4], [27,5], [26,6], [25,7], [24,8], [23,9], 
# Episode 154 (Collision)
[28,4], [27,5], [26,6], [25,7], [24,8], [23,9], 
# Episode 155 (Collision)
[28,4], [27,5], [26,6], [25,7], [24,8], [23,9], 
# Episode 156 (Collision)
[28,4], [27,5], [26,6], [25,7], [24,8], [23,9], 
# Episode 157 (Collision)
[28,4], [27,5], [26,6], [25,7], [24,8], [23,9], 
# Episode 158 (Collision)
[28,4], [27,5], [26,6], [25,7], [24,8], [23,9], 
# Episode 159 (Collision)
[28,4], [27,5], [26,6], [25,7], [24,8], [23,9], 
# Episode 160 (Collision)
[28,4], [27,5], [26,6], [25,7], [24,8], [23,9], 
# Episode 161 (Collision)
[28,4], [27,5], [26,6], [25,7], [24,8], [23,9], 
# Episode 162 (Collision)
[28,4], [27,5], [26,6], [25,7], [24,8], [23,9], 
# Episode 163 (Collision)
[28,4], [27,5], [26,6], [25,7], [24,8], [23,9], 
# Episode 164 (Collision)
[28,4], [27,5], [26,6], [25,7], [24,8], [23,9], 
# Episode 165 (Collision)
[28,4], [27,5], [26,6], [25,7], [24,8], [23,9], 
# Episode 166 (Collision)
[28,4], [27,5], [26,6], [25,7], [24,8], [23,9], 
# Episode 167 (Collision)
[28,4], [27,5], [26,6], [25,7], [24,8], [23,9], 
# Episode 168 (Collision)
[28,4], [27,5], [26,6], [25,7], [24,8], [23,9], 
# Episode 169 (Collision)
[28,4], [27,5], [26,6], [25,7], [24,8], [23,9], 
# Episode 170 (Collision)
[28,4], [27,5], [26,6], [25,7], [24,8], [23,9], 
# Episode 171 (Collision)
[28,4], [27,5], [26,6], [25,7], [24,8], [23,9], 
# Episode 172 (Collision)
[28,4], [27,5], [26,6], [25,7], [24,8], [23,9], 
# Episode 173 (Collision)
[28,4], [27,5], [26,6], [25,7], [24,8], [23,9], 
# Episode 174 (Collision)
[28,4], [27,5], [26,6], [25,7], [24,8], [23,9], 
# Episode 175 (Collision)
[28,4], [27,5], [26,6], [25,7], [24,8], [23,9], 
# Episode 176 (Collision)
[28,4], [27,5], [26,6], [25,7], [24,8], [23,9], 
# Episode 177 (Collision)
[28,4], [27,5], [26,6], [25,7], [24,8], [23,9], 
# Episode 178 (Collision)
[28,4], [27,5], [26,6], [25,7], [24,8], [23,9], 
# Episode 179 (Collision)
[28,4], [27,5], [26,6], [25,7], [24,8], [23,9], 
# Episode 180 (Collision)
[28,4], [27,5], [26,6], [25,7], [24,8], [23,9], 
# Episode 181 (Collision)
[28,4], [27,5], [26,6], [25,7], [24,8], [23,9], 
# Episode 182 (Collision)
[28,4], [27,5], [26,6], [25,7], [24,8], [23,9], 
# Episode 183 (Collision)
[28,4], [27,5], [26,6], [25,7], [24,8], [23,9], 
# Episode 184 (Collision)
[28,4], [27,5], [26,6], [25,7], [24,8], [23,9], 
# Episode 185 (Collision)
[28,4], [27,5], [26,6], [25,7], [24,8], [23,9], 
# Episode 186 (Collision)
[28,4], [27,5], [26,6], [25,7], [24,8], [23,9], 
# Episode 187 (Collision)
[28,4], [27,5], [26,6], [25,7], [24,8], [23,9], 
# Episode 188 (Collision)
[28,4], [27,5], [26,6], [25,7], [24,8], [23,9], 
# Episode 189 (Collision)
[28,4], [27,5], [26,6], [25,7], [24,8], [23,9], 
# Episode 190 (Collision)
[28,4], [27,5], [26,6], [25,7], [24,8], [23,9], 
# Episode 191 (Collision)
[28,4], [27,5], [26,6], [25,7], [24,8], [23,9], 
# Episode 192 (Collision)
[28,4], [27,5], [26,6], [25,7], [24,8], [23,9], 
# Episode 193 (Collision)
[28,4], [27,5], [26,6], [25,7], [24,8], [23,9], 
# Episode 194 (Collision)
[28,4], [27,5], [26,6], [25,7], [24,8], [23,9], 
# Episode 195 (Collision)
[28,4], [27,5], [26,6], [25,7], [24,8], [23,9], 
# Episode 196 (Collision)
[28,4], [27,5], [26,6], [25,7], [24,8], [23,9], 
# Episode 197 (Collision)
[28,4], [27,5], [26,6], [25,7], [24,8], [23,9], 
# Episode 198 (Collision)
[28,4], [27,5], [26,6], [25,7], [24,8], [23,9], 
# Episode 199 (Collision)
[28,4], [27,5], [26,6], [25,7], [24,8], [23,9], 
# Episode 200 (Collision)
[28,4], [27,5], [26,6], [25,7], [24,8], [23,9], 
# Episode 201 (Collision)
[28,4], [27,5], [26,6], [25,7], [24,8], [23,9], 
# Episode 202 (Collision)
[28,4], [27,5], [26,6], [25,7], [24,8], [23,9], 
# Episode 203 (Collision)
[28,4], [27,5], [26,6], [25,7], [24,8], [23,9], 
# Episode 204 (Collision)
[28,4], [27,5], [26,6], [25,7], [24,8], [23,9], 
# Episode 205 (Collision)
[28,4], [27,5], [26,6], [25,7], [24,8], [23,9], 
# Episode 206 (Collision)
[28,4], [27,5], [26,6], [25,7], [24,8], [23,9], 
# Episode 207 (Collision)
[28,4], [27,5], [26,6], [25,7], [24,8], [23,9], 
# Episode 208 (Collision)
[28,4], [27,5], [26,6], [25,7], [24,8], [23,9], 
# Episode 209 (Collision)
[28,4], [27,5], [26,6], [25,7], [24,8], [23,9], 
# Episode 210 (Collision)
[28,4], [27,5], [26,6], [25,7], [24,8], [23,9], 
# Episode 211 (Collision)
[28,4], [27,5], [26,6], [25,7], [24,8], [23,9], 
# Episode 212 (Collision)
[28,4], [27,5], [26,6], [25,7], [24,8], [23,9], 
# Episode 213 (Collision)
[28,4], [27,5], [26,6], [25,7], [24,8], [23,9], 
# Episode 214 (Collision)
[28,4], [27,5], [26,6], [25,7], [24,8], [23,9], 
# Episode 215 (Collision)
[28,4], [27,5], [26,6], [25,7], [24,8], [23,9], 
# Episode 216 (Collision)
[28,4], [27,5], [26,6], [25,7], [24,8], [23,9], 
# Episode 217 (Collision)
[28,4], [27,5], [26,6], [25,7], [24,8], [23,9], 
# Episode 218 (Collision)
[28,4], [27,5], [26,6], [25,7], [24,8], [23,9], 
# Episode 219 (Collision)
[28,4], [27,5], [26,6], [25,7], [24,8], [23,9], 
# Episode 220 (Collision)
[28,4], [27,5], [26,6], [25,7], [24,8], [23,9], 
# Episode 221 (Collision)
[28,4], [27,5], [26,6], [25,7], [24,8], [23,9], 
# Episode 222 (Collision)
[28,4], [27,5], [26,6], [25,7], [24,8], [23,9], 
# Episode 223 (Collision)
[28,4], [27,5], [26,6], [25,7], [24,8], [23,9], 
# Episode 224 (Collision)
[28,4], [27,5], [26,6], [25,7], [24,8], [23,9], 
# Episode 225 (Collision)
[28,4], [27,5], [26,6], [25,7], [24,8], [23,9], 
# Episode 226 (Collision)
[28,4], [27,5], [26,6], [25,7], [24,8], [23,9], 
# Episode 227 (Collision)
[28,4], [27,5], [26,6], [25,7], [24,8], [23,9], 
# Episode 228 (Collision)
[28,4], [27,5], [26,6], [25,7], [24,8], [23,9], 
# Episode 229 (Collision)
[28,4], [27,5], [26,6], [25,7], [24,8], [23,9], 
# Episode 230 (Collision)
[28,4], [27,5], [26,6], [25,7], [24,8], [23,9], 
# Episode 231 (Collision)
[28,4], [27,5], [26,6], [25,7], [24,8], [23,9], 
# Episode 232 (Collision)
[28,4], [27,5], [26,6], [25,7], [24,8], [23,9], 
# Episode 233 (Collision)
[28,4], [27,5], [26,6], [25,7], [24,8], [23,9], 
# Episode 234 (Collision)
[28,4], [27,5], [26,6], [25,7], [24,8], [23,9], 
# Episode 235 (Collision)
[28,4], [27,5], [26,6], [25,7], [24,8], [23,9], 
# Episode 236 (Collision)
[28,4], [27,5], [26,6], [25,7], [24,8], [23,9], 
# Episode 237 (Collision)
[28,4], [27,5], [26,6], [25,7], [24,8], [23,9], 
# Episode 238 (Collision)
[28,4], [27,5], [26,6], [25,7], [24,8], [23,9], 
# Episode 239 (Collision)
[28,4], [27,5], [26,6], [25,7], [24,8], [23,9], 
# Episode 240 (Collision)
[28,4], [27,5], [26,6], [25,7], [24,8], [23,9], 
# Episode 241 (Collision)
[28,4], [27,5], [26,6], [25,7], [24,8], [23,9], 
# Episode 242 (Collision)
[28,4], [27,5], [26,6], [25,7], [24,8], [23,9], 
# Episode 243 (Collision)
[28,4], [27,5], [26,6], [25,7], [24,8], [23,9], 
# Episode 244 (Collision)
[28,4], [27,5], [26,6], [25,7], [24,8], [23,9], 
# Episode 245 (Collision)
[28,4], [27,5], [26,6], [25,7], [24,8], [23,9], 
# Episode 246 (Collision)
[28,4], [27,5], [26,6], [25,7], [24,8], [23,9], 
# Episode 247 (Collision)
[28,4], [27,5], [26,6], [25,7], [24,8], [23,9], 
# Episode 248 (Collision)
[28,4], [27,5], [26,6], [25,7], [24,8], [23,9], 
# Episode 249 (Collision)
[28,4], [27,5], [26,6], [25,7], [24,8], [23,9], 
# Episode 250 (Collision)
[28,4], [27,5], [26,6], [25,7], [24,8], [23,9], 
# Episode 251 (Collision)
[28,4], [27,5], [26,6], [25,7], [24,8], [23,9], 
# Episode 252 (Collision)
[28,4], [27,5], [26,6], [25,7], [24,8], [23,9], 
# Episode 253 (Collision)
[28,4], [27,5], [26,6], [25,7], [24,8], [23,9], 
# Episode 254 (Collision)
[28,4], [27,5], [26,6], [25,7], [24,8], [23,9], 
# Episode 255 (Collision)
[28,4], [27,5], [26,6], [25,7], [24,8], [23,9], 
# Episode 256 (Collision)
[28,4], [27,5], [26,6], [25,7], [24,8], [23,9], 
# Episode 257 (Collision)
[28,4], [27,5], [26,6], [25,7], [24,8], [23,9], 
# Episode 258 (Collision)
[28,4], [27,5], [26,6], [25,7], [24,8], [23,9], 
# Episode 259 (Collision)
[28,4], [27,5], [26,6], [25,7], [24,8], [23,9], 
# Episode 260 (Collision)
[28,4], [27,5], [26,6], [25,7], [24,8], [23,9], 
# Episode 261 (Collision)
[28,4], [27,5], [26,6], [25,7], [24,8], [23,9], 
# Episode 262 (Collision)
[28,4], [27,5], [26,6], [25,7], [24,8], [23,9], 
# Episode 263 (Collision)
[28,4], [27,5], [26,6], [25,7], [24,8], [23,9], 
# Episode 264 (Collision)
[28,4], [27,5], [26,6], [25,7], [24,8], [23,9], 
# Episode 265 (Collision)
[28,4], [27,5], [26,6], [25,7], [24,8], [23,9], 
# Episode 266 (Collision)
[28,4], [27,5], [26,6], [25,7], [24,8], [23,9], 
# Episode 267 (Collision)
[28,4], [27,5], [26,6], [25,7], [24,8], [23,9], 
# Episode 268 (Collision)
[28,4], [27,5], [26,6], [25,7], [24,8], [23,9], 
# Episode 269 (Collision)
[28,4], [27,5], [26,6], [25,7], [24,8], [23,9], 
# Episode 270 (Collision)
[28,4], [27,5], [26,6], [25,7], [24,8], [23,9], 
# Episode 271 (Collision)
[28,4], [27,5], [26,6], [25,7], [24,8], [23,9], 
# Episode 272 (Collision)
[28,4], [27,5], [26,6], [25,7], [24,8], [23,9], 
# Episode 273 (Collision)
[28,4], [27,5], [26,6], [25,7], [24,8], [23,9], 
# Episode 274 (Collision)
[28,4], [27,5], [26,6], [25,7], [24,8], [23,9], 
# Episode 275 (Collision)
[28,4], [27,5], [26,6], [25,7], [24,8], [23,9], 
# Episode 276 (Collision)
[28,4], [27,5], [26,6], [25,7], [24,8], [23,9], 
# Episode 277 (Collision)
[28,4], [27,5], [26,6], [25,7], [24,8], [23,9], 
# Episode 278 (Collision)
[28,4], [27,5], [26,6], [25,7], [24,8], [23,9], 
# Episode 279 (Collision)
[28,4], [27,5], [26,6], [25,7], [24,8], [23,9], 
# Episode 280 (Collision)
[28,4], [27,5], [26,6], [25,7], [24,8], [23,9], 
# Episode 281 (Collision)
[28,4], [27,5], [26,6], [25,7], [24,8], [23,9], 
# Episode 282 (Collision)
[28,4], [27,5], [26,6], [25,7], [24,8], [23,9], 
# Episode 283 (Collision)
[28,4], [27,5], [26,6], [25,7], [24,8], [23,9], 
# Episode 284 (Collision)
[28,4], [27,5], [26,6], [25,7], [24,8], [23,9], 
# Episode 285 (Collision)
[28,4], [27,5], [26,6], [25,7], [24,8], [23,9], 
# Episode 286 (Collision)
[28,4], [27,5], [26,6], [25,7], [24,8], [23,9], 
# Episode 287 (Collision)
[28,4], [27,5], [26,6], [25,7], [24,8], [23,9], 
# Episode 288 (Collision)
[28,4], [27,5], [26,6], [25,7], [24,8], [23,9], 
# Episode 289 (Collision)
[28,4], [27,5], [26,6], [25,7], [24,8], [23,9], 
# Episode 290 (Collision)
[28,4], [27,5], [26,6], [25,7], [24,8], [23,9], 
# Episode 291 (Collision)
[28,4], [27,5], [26,6], [25,7], [24,8], [23,9], 
# Episode 292 (Collision)
[28,4], [27,5], [26,6], [25,7], [24,8], [23,9], 
# Episode 293 (Collision)
[28,4], [27,5], [26,6], [25,7], [24,8], [23,9], 
# Episode 294 (Collision)
[28,4], [27,5], [26,6], [25,7], [24,8], [23,9], 
# Episode 295 (Collision)
[28,4], [27,5], [26,6], [25,7], [24,8], [23,9], 
# Episode 296 (Collision)
[28,4], [27,5], [26,6], [25,7], [24,8], [23,9], 
# Episode 297 (Collision)
[28,4], [27,5], [26,6], [25,7], [24,8], [23,9], 
# Episode 298 (Collision)
[28,4], [27,5], [26,6], [25,7], [24,8], [23,9], 
# Episode 299 (Collision)
[28,4], [27,5], [26,6], [25,7], [24,8], [23,9], 
# Episode 300 (Collision)
[28,4], [27,5], [26,6], [25,7], [24,8], [23,9], 
# Episode 301 (Collision)
[28,4], [27,5], [26,6], [25,7], [24,8], [23,9], 
# Episode 302 (Collision)
[28,4], [27,5], [26,6], [25,7], [24,8], [23,9], 
# Episode 303 (Collision)
[28,4], [27,5], [26,6], [25,7], [24,8], [23,9], 
# Episode 304 (Collision)
[28,4], [27,5], [26,6], [25,7], [24,8], [23,9], 
# Episode 305 (Collision)
[28,4], [27,5], [26,6], [25,7], [24,8], [23,9], 
# Episode 306 (Collision)
[28,4], [27,5], [26,6], [25,7], [24,8], [23,9], 
# Episode 307 (Collision)
[28,4], [27,5], [26,6], [25,7], [24,8], [23,9], 
# Episode 308 (Collision)
[28,4], [27,5], [26,6], [25,7], [24,8], [23,9], 
# Episode 309 (Collision)
[28,4], [27,5], [26,6], [25,7], [24,8], [23,9], 
# Episode 310 (Collision)
[28,4], [27,5], [26,6], [25,7], [24,8], [23,9], 
# Episode 311 (Collision)
[28,4], [27,5], [26,6], [25,7], [24,8], [23,9], 
# Episode 312 (Collision)
[28,4], [27,5], [26,6], [25,7], [24,8], [23,9], 
# Episode 313 (Collision)
[28,4], [27,5], [26,6], [25,7], [24,8], [23,9], 
# Episode 314 (Collision)
[28,4], [27,5], [26,6], [25,7], [24,8], [23,9], 
# Episode 315 (Collision)
[28,4], [27,5], [26,6], [25,7], [24,8], [23,9], 
# Episode 316 (Collision)
[28,4], [27,5], [26,6], [25,7], [24,8], [23,9], 
# Episode 317 (Collision)
[28,4], [27,5], [26,6], [25,7], [24,8], [23,9], 
# Episode 318 (Collision)
[28,4], [27,5], [26,6], [25,7], [24,8], [23,9], 
# Episode 319 (Collision)
[28,4], [27,5], [26,6], [25,7], [24,8], [23,9], 
# Episode 320 (Collision)
[28,4], [27,5], [26,6], [25,7], [24,8], [23,9], 
# Episode 321 (Collision)
[28,4], [27,5], [26,6], [25,7], [24,8], [23,9], 
# Episode 322 (Collision)
[28,4], [27,5], [26,6], [25,7], [24,8], [23,9], 
# Episode 323 (Collision)
[28,4], [27,5], [26,6], [25,7], [24,8], [23,9], 
# Episode 324 (Collision)
[28,4], [27,5], [26,6], [25,7], [24,8], [23,9], 
# Episode 325 (Collision)
[28,4], [27,5], [26,6], [25,7], [24,8], [23,9], 
# Episode 326 (Collision)
[28,4], [27,5], [26,6], [25,7], [24,8], [23,9], 
# Episode 327 (Collision)
[28,4], [27,5], [26,6], [25,7], [24,8], [23,9], 
# Episode 328 (Collision)
[28,4], [27,5], [26,6], [25,7], [24,8], [23,9], 
# Episode 329 (Collision)
[28,4], [27,5], [26,6], [25,7], [24,8], [23,9], 
# Episode 330 (Collision)
[28,4], [27,5], [26,6], [25,7], [24,8], [23,9], 
# Episode 331 (Collision)
[28,4], [27,5], [26,6], [25,7], [24,8], [23,9], 
# Episode 332 (Collision)
[28,4], [27,5], [26,6], [25,7], [24,8], [23,9], 
# Episode 333 (Collision)
[28,4], [27,5], [26,6], [25,7], [24,8], [23,9], 
# Episode 334 (Collision)
[28,4], [27,5], [26,6], [25,7], [24,8], [23,9], 
# Episode 335 (Collision)
[28,4], [27,5], [26,6], [25,7], [24,8], [23,9], 
# Episode 336 (Collision)
[28,4], [27,5], [26,6], [25,7], [24,8], [23,9], 
# Episode 337 (Collision)
[28,4], [27,5], [26,6], [25,7], [24,8], [23,9], 
# Episode 338 (Collision)
[28,4], [27,5], [26,6], [25,7], [24,8], [23,9], 
# Episode 339 (Collision)
[28,4], [27,5], [26,6], [25,7], [24,8], [23,9], 
# Episode 340 (Collision)
[28,4], [27,5], [26,6], [25,7], [24,8], [23,9], 
# Episode 341 (Collision)
[28,4], [27,5], [26,6], [25,7], [24,8], [23,9], 
# Episode 342 (Collision)
[28,4], [27,5], [26,6], [25,7], [24,8], [23,9], 
# Episode 343 (Collision)
[28,4], [27,5], [26,6], [25,7], [24,8], [23,9], 
# Episode 344 (Collision)
[28,4], [27,5], [26,6], [25,7], [24,8], [23,9], 
# Episode 345 (Collision)
[28,4], [27,5], [26,6], [25,7], [24,8], [23,9], 
# Episode 346 (Collision)
[28,4], [27,5], [26,6], [25,7], [24,8], [23,9], 
# Episode 347 (Collision)
[28,4], [27,5], [26,6], [25,7], [24,8], [23,9], 
# Episode 348 (Collision)
[28,4], [27,5], [26,6], [25,7], [24,8], [23,9], 
# Episode 349 (Collision)
[28,4], [27,5], [26,6], [25,7], [24,8], [23,9], 
# Episode 350 (Collision)
[28,4], [27,5], [26,6], [25,7], [24,8], [23,9], 
# Episode 351 (Collision)
[28,4], [27,5], [26,6], [25,7], [24,8], [23,9], 
# Episode 352 (Collision)
[28,4], [27,5], [26,6], [25,7], [24,8], [23,9], 
# Episode 353 (Collision)
[28,4], [27,5], [26,6], [25,7], [24,8], [23,9], 
# Episode 354 (Collision)
[28,4], [27,5], [26,6], [25,7], [24,8], [23,9], 
# Episode 355 (Collision)
[28,4], [27,5], [26,6], [25,7], [24,8], [23,9], 
# Episode 356 (Collision)
[28,4], [27,5], [26,6], [25,7], [24,8], [23,9], 
# Episode 357 (Collision)
[28,4], [27,5], [26,6], [25,7], [24,8], [23,9], 
# Episode 358 (Collision)
[28,4], [27,5], [26,6], [25,7], [24,8], [23,9], 
# Episode 359 (Collision)
[28,4], [27,5], [26,6], [25,7], [24,8], [23,9], 
# Episode 360 (Collision)
[28,4], [27,5], [26,6], [25,7], [24,8], [23,9], 
# Episode 361 (Collision)
[28,4], [27,5], [26,6], [25,7], [24,8], [23,9], 
# Episode 362 (Collision)
[28,4], [27,5], [26,6], [25,7], [24,8], [23,9], 
# Episode 363 (Collision)
[28,4], [27,5], [26,6], [25,7], [24,8], [23,9], 
# Episode 364 (Collision)
[28,4], [27,5], [26,6], [25,7], [24,8], [23,9], 
# Episode 365 (Collision)
[28,4], [27,5], [26,6], [25,7], [24,8], [23,9], 
# Episode 366 (Collision)
[28,4], [27,5], [26,6], [25,7], [24,8], [23,9], 
# Episode 367 (Collision)
[28,4], [27,5], [26,6], [25,7], [24,8], [23,9], 
# Episode 368 (Collision)
[28,4], [27,5], [26,6], [25,7], [24,8], [23,9], 
# Episode 369 (Collision)
[28,4], [27,5], [26,6], [25,7], [24,8], [23,9], 
# Episode 370 (Collision)
[28,4], [27,5], [26,6], [25,7], [24,8], [23,9], 
# Episode 371 (Collision)
[28,4], [27,5], [26,6], [25,7], [24,8], [23,9], 
# Episode 372 (Collision)
[28,4], [27,5], [26,6], [25,7], [24,8], [23,9], 
# Episode 373 (Collision)
[28,4], [27,5], [26,6], [25,7], [24,8], [23,9], 
# Episode 374 (Collision)
[28,4], [27,5], [26,6], [25,7], [24,8], [23,9], 
# Episode 375 (Collision)
[28,4], [27,5], [26,6], [25,7], [24,8], [23,9], 
# Episode 376 (Collision)
[28,4], [27,5], [26,6], [25,7], [24,8], [23,9], 
# Episode 377 (Collision)
[28,4], [27,5], [26,6], [25,7], [24,8], [23,9], 
# Episode 378 (Collision)
[28,4], [27,5], [26,6], [25,7], [24,8], [23,9], 
# Episode 379 (Collision)
[28,4], [27,5], [26,6], [25,7], [24,8], [23,9], 
# Episode 380 (Collision)
[28,4], [27,5], [26,6], [25,7], [24,8], [23,9], 
# Episode 381 (Collision)
[28,4], [27,5], [26,6], [25,7], [24,8], [23,9], 
# Episode 382 (Collision)
[28,4], [27,5], [26,6], [25,7], [24,8], [23,9], 
# Episode 383 (Collision)
[28,4], [27,5], [26,6], [25,7], [24,8], [23,9], 
# Episode 384 (Collision)
[28,4], [27,5], [26,6], [25,7], [24,8], [23,9], 
# Episode 385 (Collision)
[28,4], [27,5], [26,6], [25,7], [24,8], [23,9], 
# Episode 386 (Collision)
[28,4], [27,5], [26,6], [25,7], [24,8], [23,9], 
# Episode 387 (Collision)
[28,4], [27,5], [26,6], [25,7], [24,8], [23,9], 
# Episode 388 (Collision)
[28,4], [27,5], [26,6], [25,7], [24,8], [23,9], 
# Episode 389 (Collision)
[28,4], [27,5], [26,6], [25,7], [24,8], [23,9], 
# Episode 390 (Collision)
[28,4], [27,5], [26,6], [25,7], [24,8], [23,9], 
# Episode 391 (Collision)
[28,4], [27,5], [26,6], [25,7], [24,8], [23,9], 
# Episode 392 (Collision)
[28,4], [27,5], [26,6], [25,7], [24,8], [23,9], 
# Episode 393 (Collision)
[28,4], [27,5], [26,6], [25,7], [24,8], [23,9], 
# Episode 394 (Collision)
[28,4], [27,5], [26,6], [25,7], [24,8], [23,9], 
# Episode 395 (Collision)
[28,4], [27,5], [26,6], [25,7], [24,8], [23,9], 
# Episode 396 (Collision)
[28,4], [27,5], [26,6], [25,7], [24,8], [23,9], 
# Episode 397 (Collision)
[28,4], [27,5], [26,6], [25,7], [24,8], [23,9], 
# Episode 398 (Collision)
[28,4], [27,5], [26,6], [25,7], [24,8], [23,9], 
# Episode 399 (Collision)
[28,4], [27,5], [26,6], [25,7], [24,8], [23,9], 
# Episode 400 (Collision)
[28,4], [27,5], [26,6], [25,7], [24,8], [23,9], 
# Episode 401 (Collision)
[28,4], [27,5], [26,6], [25,7], [24,8], [23,9], 
# Episode 402 (Collision)
[28,4], [27,5], [26,6], [25,7], [24,8], [23,9], 
# Episode 403 (Collision)
[28,4], [27,5], [26,6], [25,7], [24,8], [23,9], 
# Episode 404 (Collision)
[28,4], [27,5], [26,6], [25,7], [24,8], [23,9], 
# Episode 405 (Collision)
[28,4], [27,5], [26,6], [25,7], [24,8], [23,9], 
# Episode 406 (Collision)
[28,4], [27,5], [26,6], [25,7], [24,8], [23,9], 
# Episode 407 (Collision)
[28,4], [27,5], [26,6], [25,7], [24,8], [23,9], 
# Episode 408 (Collision)
[28,4], [27,5], [26,6], [25,7], [24,8], [23,9], 
# Episode 409 (Collision)
[28,4], [27,5], [26,6], [25,7], [24,8], [23,9], 
# Episode 410 (Collision)
[28,4], [27,5], [26,6], [25,7], [24,8], [23,9], 
# Episode 411 (Collision)
[28,4], [27,5], [26,6], [25,7], [24,8], [23,9], 
# Episode 412 (Collision)
[28,4], [27,5], [26,6], [25,7], [24,8], [23,9], 
# Episode 413 (Collision)
[28,4], [27,5], [26,6], [25,7], [24,8], [23,9], 
# Episode 414 (Collision)
[28,4], [27,5], [26,6], [25,7], [24,8], [23,9], 
# Episode 415 (Collision)
[28,4], [27,5], [26,6], [25,7], [24,8], [23,9], 
# Episode 416 (Collision)
[28,4], [27,5], [26,6], [25,7], [24,8], [23,9], 
# Episode 417 (Collision)
[28,4], [27,5], [26,6], [25,7], [24,8], [23,9], 
# Episode 418 (Collision)
[28,4], [27,5], [26,6], [25,7], [24,8], [23,9], 
# Episode 419 (Collision)
[28,4], [27,5], [26,6], [25,7], [24,8], [23,9], 
# Episode 420 (Collision)
[28,4], [27,5], [26,6], [25,7], [24,8], [23,9], 
# Episode 421 (Collision)
[28,4], [27,5], [26,6], [25,7], [24,8], [23,9], 
# Episode 422 (Collision)
[28,4], [27,5], [26,6], [25,7], [24,8], [23,9], 
# Episode 423 (Collision)
[28,4], [27,5], [26,6], [25,7], [24,8], [23,9], 
# Episode 424 (Collision)
[28,4], [27,5], [26,6], [25,7], [24,8], [23,9], 
# Episode 425 (Collision)
[28,4], [27,5], [26,6], [25,7], [24,8], [23,9], 
# Episode 426 (Collision)
[28,4], [27,5], [26,6], [25,7], [24,8], [23,9], 
# Episode 427 (Collision)
[28,4], [27,5], [26,6], [25,7], [24,8], [23,9], 
# Episode 428 (Collision)
[28,4], [27,5], [26,6], [25,7], [24,8], [23,9], 
# Episode 429 (Collision)
[28,4], [27,5], [26,6], [25,7], [24,8], [23,9], 
# Episode 430 (Collision)
[28,4], [27,5], [26,6], [25,7], [24,8], [23,9], 
# Episode 431 (Collision)
[28,4], [27,5], [26,6], [25,7], [24,8], [23,9], 
# Episode 432 (Collision)
[28,4], [27,5], [26,6], [25,7], [24,8], [23,9], 
# Episode 433 (Collision)
[28,4], [27,5], [26,6], [25,7], [24,8], [23,9], 
# Episode 434 (Collision)
[28,4], [27,5], [26,6], [25,7], [24,8], [23,9], 
# Episode 435 (Collision)
[28,4], [27,5], [26,6], [25,7], [24,8], [23,9], 
# Episode 436 (Collision)
[28,4], [27,5], [26,6], [25,7], [24,8], [23,9], 
# Episode 437 (Collision)
[28,4], [27,5], [26,6], [25,7], [24,8], [23,9], 
# Episode 438 (Collision)
[28,4], [27,5], [26,6], [25,7], [24,8], [23,9], 
# Episode 439 (Collision)
[28,4], [27,5], [26,6], [25,7], [24,8], [23,9], 
# Episode 440 (Collision)
[28,4], [27,5], [26,6], [25,7], [24,8], [23,9], 
# Episode 441 (Collision)
[28,4], [27,5], [26,6], [25,7], [24,8], [23,9], 
# Episode 442 (Collision)
[28,4], [27,5], [26,6], [25,7], [24,8], [23,9], 
# Episode 443 (Collision)
[28,4], [27,5], [26,6], [25,7], [24,8], [23,9], 
# Episode 444 (Collision)
[28,4], [27,5], [26,6], [25,7], [24,8], [23,9], 
# Episode 445 (Collision)
[28,4], [27,5], [26,6], [25,7], [24,8], [23,9], 
# Episode 446 (Collision)
[28,4], [27,5], [26,6], [25,7], [24,8], [23,9], 
# Episode 447 (Collision)
[28,4], [27,5], [26,6], [25,7], [24,8], [23,9], 
# Episode 448 (Collision)
[28,4], [27,5], [26,6], [25,7], [24,8], [23,9], 
# Episode 449 (Collision)
[28,4], [27,5], [26,6], [25,7], [24,8], [23,9], 
# Episode 450 (Collision)
[28,4], [27,5], [26,6], [25,7], [24,8], [23,9], 
# Episode 451 (Collision)
[28,4], [27,5], [26,6], [25,7], [24,8], [23,9], 
# Episode 452 (Collision)
[28,4], [27,5], [26,6], [25,7], [24,8], [23,9], 
# Episode 453 (Collision)
[28,4], [27,5], [26,6], [25,7], [24,8], [23,9], 
# Episode 454 (Collision)
[28,4], [27,5], [26,6], [25,7], [24,8], [23,9], 
# Episode 455 (Collision)
[28,4], [27,5], [26,6], [25,7], [24,8], [23,9], 
# Episode 456 (Collision)
[28,4], [27,5], [26,6], [25,7], [24,8], [23,9], 
# Episode 457 (Collision)
[28,4], [27,5], [26,6], [25,7], [24,8], [23,9], 
# Episode 458 (Collision)
[28,4], [27,5], [26,6], [25,7], [24,8], [23,9], 
# Episode 459 (Collision)
[28,4], [27,5], [26,6], [25,7], [24,8], [23,9], 
# Episode 460 (Collision)
[28,4], [27,5], [26,6], [25,7], [24,8], [23,9], 
# Episode 461 (Collision)
[28,4], [27,5], [26,6], [25,7], [24,8], [23,9], 
# Episode 462 (Collision)
[28,4], [27,5], [26,6], [25,7], [24,8], [23,9], 
# Episode 463 (Collision)
[28,4], [27,5], [26,6], [25,7], [24,8], [23,9], 
# Episode 464 (Collision)
[28,4], [27,5], [26,6], [25,7], [24,8], [23,9], 
# Episode 465 (Collision)
[28,4], [27,5], [26,6], [25,7], [24,8], [23,9], 
# Episode 466 (Collision)
[28,4], [27,5], [26,6], [25,7], [24,8], [23,9], 
# Episode 467 (Collision)
[28,4], [27,5], [26,6], [25,7], [24,8], [23,9], 
# Episode 468 (Collision)
[28,4], [27,5], [26,6], [25,7], [24,8], [23,9], 
# Episode 469 (Collision)
[28,4], [27,5], [26,6], [25,7], [24,8], [23,9], 
# Episode 470 (Collision)
[28,4], [27,5], [26,6], [25,7], [24,8], [23,9], 
# Episode 471 (Collision)
[28,4], [27,5], [26,6], [25,7], [24,8], [23,9], 
# Episode 472 (Collision)
[28,4], [27,5], [26,6], [25,7], [24,8], [23,9], 
# Episode 473 (Collision)
[28,4], [27,5], [26,6], [25,7], [24,8], [23,9], 
# Episode 474 (Collision)
[28,4], [27,5], [26,6], [25,7], [24,8], [23,9], 
# Episode 475 (Collision)
[28,4], [27,5], [26,6], [25,7], [24,8], [23,9], 
# Episode 476 (Collision)
[28,4], [27,5], [26,6], [25,7], [24,8], [23,9], 
# Episode 477 (Collision)
[28,4], [27,5], [26,6], [25,7], [24,8], [23,9], 
# Episode 478 (Collision)
[28,4], [27,5], [26,6], [25,7], [24,8], [23,9], 
# Episode 479 (Collision)
[28,4], [27,5], [26,6], [25,7], [24,8], [23,9], 
# Episode 480 (Collision)
[28,4], [27,5], [26,6], [25,7], [24,8], [23,9], 
# Episode 481 (Collision)
[28,4], [27,5], [26,6], [25,7], [24,8], [23,9], 
# Episode 482 (Collision)
[28,4], [27,5], [26,6], [25,7], [24,8], [23,9], 
# Episode 483 (Collision)
[28,4], [27,5], [26,6], [25,7], [24,8], [23,9], 
# Episode 484 (Collision)
[28,4], [27,5], [26,6], [25,7], [24,8], [23,9], 
# Episode 485 (Collision)
[28,4], [27,5], [26,6], [25,7], [24,8], [23,9], 
# Episode 486 (Collision)
[28,4], [27,5], [26,6], [25,7], [24,8], [23,9], 
# Episode 487 (Collision)
[28,4], [27,5], [26,6], [25,7], [24,8], [23,9], 
# Episode 488 (Collision)
[28,4], [27,5], [26,6], [25,7], [24,8], [23,9], 
# Episode 489 (Collision)
[28,4], [27,5], [26,6], [25,7], [24,8], [23,9], 
# Episode 490 (Collision)
[28,4], [27,5], [26,6], [25,7], [24,8], [23,9], 
# Episode 491 (Collision)
[28,4], [27,5], [26,6], [25,7], [24,8], [23,9], 
# Episode 492 (Collision)
[28,4], [27,5], [26,6], [25,7], [24,8], [23,9], 
# Episode 493 (Collision)
[28,4], [27,5], [26,6], [25,7], [24,8], [23,9], 
# Episode 494 (Collision)
[28,4], [27,5], [26,6], [25,7], [24,8], [23,9], 
# Episode 495 (Collision)
[28,4], [27,5], [26,6], [25,7], [24,8], [23,9], 
# Episode 496 (Collision)
[28,4], [27,5], [26,6], [25,7], [24,8], [23,9], 
# Episode 497 (Collision)
[28,4], [27,5], [26,6], [25,7], [24,8], [23,9], 
# Episode 498 (Collision)
[28,4], [27,5], [26,6], [25,7], [24,8], [23,9], 
# Episode 499 (Collision)
[28,4], [27,5], [26,6], [25,7], [24,8], [23,9], 
# Episode 500 (Collision)
[28,4], [27,5], [26,6], [25,7], [24,8], [23,9], 
