# Episode 1 (Trapped)
[12,2], [13,3], [14,4], [15,5], [14,6], [13,6], [12,7], [11,8], [12,9], [13,10], [12,9], [13,10], [12,9], 
# Episode 2 (Trapped)
[12,2], [13,3], [14,4], [15,5], [14,6], [13,6], [12,7], [11,8], [12,9], [13,10], [12,9], [13,10], [12,9], 
# Episode 3 (Trapped)
[12,2], [13,3], [14,4], [15,5], [14,6], [13,6], [12,7], [11,8], [12,9], [13,10], [12,9], [13,10], [12,9], 
# Episode 4 (Trapped)
[12,2], [13,3], [14,4], [15,5], [14,6], [13,6], [12,7], [11,8], [12,9], [13,10], [12,9], [13,10], [12,9], 
# Episode 5 (Trapped)
[12,2], [13,3], [14,4], [15,5], [14,6], [13,6], [12,7], [11,8], [12,9], [13,10], [12,9], [13,10], [12,9], 
# Episode 6 (Trapped)
[12,2], [13,3], [14,4], [15,5], [14,6], [13,6], [12,7], [11,8], [12,9], [13,10], [12,9], [13,10], [12,9], 
# Episode 7 (Trapped)
[12,2], [13,3], [14,4], [15,5], [14,6], [13,6], [12,7], [11,8], [12,9], [13,10], [12,9], [13,10], [12,9], 
# Episode 8 (Trapped)
[12,2], [13,3], [14,4], [15,5], [14,6], [13,6], [12,7], [11,8], [12,9], [13,10], [12,9], [13,10], [12,9], 
# Episode 9 (Trapped)
[12,2], [13,3], [14,4], [15,5], [14,6], [13,6], [12,7], [11,8], [12,9], [13,10], [12,9], [13,10], [12,9], 
# Episode 10 (Trapped)
[12,2], [13,3], [14,4], [15,5], [14,6], [13,6], [12,7], [11,8], [12,9], [13,10], [12,9], [13,10], [12,9], 
# Episode 11 (Trapped)
[12,2], [13,3], [14,4], [15,5], [14,6], [13,6], [12,7], [11,8], [12,9], [13,10], [12,9], [13,10], [12,9], 
# Episode 12 (Trapped)
[12,2], [13,3], [14,4], [15,5], [14,6], [13,6], [12,7], [11,8], [12,9], [13,10], [12,9], [13,10], [12,9], 
# Episode 13 (Trapped)
[12,2], [13,3], [14,4], [15,5], [14,6], [13,6], [12,7], [11,8], [12,9], [13,10], [12,9], [13,10], [12,9], 
# Episode 14 (Trapped)
[12,2], [13,3], [14,4], [15,5], [14,6], [13,6], [12,7], [11,8], [12,9], [13,10], [12,9], [13,10], [12,9], 
# Episode 15 (Trapped)
[12,2], [13,3], [14,4], [15,5], [14,6], [13,6], [12,7], [11,8], [12,9], [13,10], [12,9], [13,10], [12,9], 
# Episode 16 (Goal)
[12,2], [13,3], [14,4], [15,5], [14,6], [13,6], [12,7], [11,8], [12,9], [13,10], [13,11], [13,12], [14,13], [14,14], [15,15], [16,16], [17,17], [18,16], [19,15], [20,16], [21,17], [22,18], [23,17], [23,18], [24,17], [25,18], [26,19], [27,20], [28,21], [29,22], [30,23], [30,24], [29,25], [28,26], [28,27], [27,28], [26,29], [25,30], [24,31], [23,31], [22,30], 
# Episode 17 (Collision)
[12,2], [13,3], [14,4], [15,5], [14,6], [13,6], [12,7], [11,8], [12,9], [13,10], [13,11], [13,12], [14,13], [14,14], [15,15], [16,16], [17,17], [18,16], [19,15], [20,16], [21,17], [22,18], [23,17], [23,18], [24,17], [25,18], [26,19], [27,20], [28,21], [27,22], [28,23], 
# Episode 18 (Collision)
[12,2], [13,3], [14,4], [15,5], [14,6], [13,6], [12,7], [11,8], [12,9], [13,10], [14,11], [14,12], [15,13], [16,14], [17,15], [18,16], [19,15], [20,16], [21,17], [22,18], [23,17], [23,18], [24,17], [25,18], [26,19], [27,20], [28,21], [29,22], 
# Episode 19 (Collision)
[12,2], [13,3], [14,4], [15,5], [14,6], [13,6], [12,7], [11,8], [12,9], [13,10], [14,11], [15,12], [16,13], [17,14], [18,15], [19,16], [20,17], [21,16], [22,17], [23,18], [24,17], [25,18], [26,19], [27,20], [28,21], [29,22], 
# Episode 20 (Collision)
[12,2], [13,3], [14,4], [15,5], [14,6], [13,6], [12,7], [11,8], [12,9], [13,10], [14,11], [15,12], [16,13], [17,14], [18,15], [19,16], [20,17], [21,16], [22,17], [23,18], [24,17], [25,18], [26,19], [27,20], [28,21], [27,22], [28,23], 
# Episode 21 (Goal)
[12,2], [13,3], [14,4], [15,5], [14,6], [13,6], [12,7], [11,8], [12,9], [13,10], [14,11], [15,12], [16,13], [17,14], [18,15], [19,16], [20,17], [21,16], [22,17], [23,18], [24,17], [25,18], [26,19], [27,20], [28,21], [29,22], [30,23], [30,24], [29,25], [28,26], [28,27], [27,28], [26,29], [25,30], [24,31], [23,31], [22,30], 
# Episode 22 (Goal)
[12,2], [13,3], [14,4], [15,5], [14,6], [13,6], [12,7], [11,8], [12,9], [13,10], [14,11], [14,12], [15,13], [16,14], [17,15], [18,16], [19,15], [20,16], [21,17], [22,18], [23,17], [23,18], [24,17], [25,18], [26,19], [27,20], [28,21], [29,22], [29,23], [28,24], [29,25], [28,26], [28,27], [27,28], [26,29], [25,30], [24,31], [23,31], [22,30], 
# Episode 23 (Collision)
[12,2], [13,3], [14,4], [15,5], [14,6], [13,6], [12,7], [11,8], [12,9], [13,10], [13,11], [13,12], [14,13], [14,14], [15,15], [16,16], [17,17], [18,16], [19,15], [20,16], [21,17], [22,18], [23,17], [23,18], [24,17], [25,18], [26,19], [27,20], [28,21], [27,22], [28,23], 
# Episode 24 (Collision)
[12,2], [13,3], [14,4], [15,5], [14,6], [13,6], [12,7], [11,8], [12,9], [13,10], [13,11], [13,12], [14,13], [14,14], [15,15], [16,16], [17,17], [18,16], [19,15], [20,16], [21,17], [22,18], [23,17], [23,18], [24,17], [25,18], [26,19], [27,20], [28,21], [29,22], 
# Episode 25 (Trapped)
[12,2], [13,3], [14,4], [15,5], [14,6], [13,6], [12,7], [11,8], [12,9], [13,10], [12,9], [13,10], [12,9], 
# Episode 26 (Trapped)
[12,2], [13,3], [14,4], [15,5], [14,6], [13,6], [12,7], [11,8], [12,9], [13,10], [12,9], [13,10], [12,9], 
# Episode 27 (Trapped)
[12,2], [13,3], [14,4], [15,5], [14,6], [13,6], [12,7], [11,8], [12,9], [13,10], [12,9], [13,10], [12,9], 
# Episode 28 (Trapped)
[12,2], [13,3], [14,4], [15,5], [14,6], [13,6], [12,7], [11,8], [12,9], [13,10], [12,9], [13,10], [12,9], 
# Episode 29 (Trapped)
[12,2], [13,3], [14,4], [15,5], [14,6], [13,6], [12,7], [11,8], [12,9], [13,10], [12,9], [13,10], [12,9], 
# Episode 30 (Trapped)
[12,2], [13,3], [14,4], [15,5], [14,6], [13,6], [12,7], [11,8], [12,9], [13,10], [12,9], [13,10], [12,9], 
# Episode 31 (Trapped)
[12,2], [13,3], [14,4], [15,5], [14,6], [13,6], [12,7], [11,8], [12,9], [13,10], [12,9], [13,10], [12,9], 
# Episode 32 (Trapped)
[12,2], [13,3], [14,4], [15,5], [14,6], [13,6], [12,7], [11,8], [12,9], [13,10], [12,9], [13,10], [12,9], 
# Episode 33 (Trapped)
[12,2], [13,3], [14,4], [15,5], [14,6], [13,6], [12,7], [11,8], [12,9], [13,10], [12,9], [13,10], [12,9], 
# Episode 34 (Trapped)
[12,2], [13,3], [14,4], [15,5], [14,6], [13,6], [12,7], [11,8], [12,9], [13,10], [12,9], [13,10], [12,9], 
# Episode 35 (Trapped)
[12,2], [13,3], [14,4], [15,5], [14,6], [13,6], [12,7], [11,8], [12,9], [13,10], [12,9], [13,10], [12,9], 
# Episode 36 (Trapped)
[12,2], [13,3], [14,4], [15,5], [14,6], [13,6], [12,7], [11,8], [12,9], [13,10], [12,9], [13,10], [12,9], 
# Episode 37 (Trapped)
[12,2], [13,3], [14,4], [15,5], [14,6], [13,6], [12,7], [11,8], [12,9], [13,10], [12,9], [13,10], [12,9], 
# Episode 38 (Trapped)
[12,2], [13,3], [14,4], [15,5], [14,6], [13,6], [12,7], [11,8], [12,9], [13,10], [12,9], [13,10], [12,9], 
# Episode 39 (Trapped)
[12,2], [13,3], [14,4], [15,5], [14,6], [13,6], [12,7], [11,8], [12,9], [13,10], [12,9], [13,10], [12,9], 
# Episode 40 (Trapped)
[12,2], [13,3], [14,4], [15,5], [14,6], [13,6], [12,7], [11,8], [12,9], [13,10], [12,9], [13,10], [12,9], 
# Episode 41 (Trapped)
[12,2], [13,3], [14,4], [15,5], [14,6], [13,6], [12,7], [11,8], [12,9], [13,10], [12,9], [13,10], [12,9], 
# Episode 42 (Trapped)
[12,2], [13,3], [14,4], [15,5], [14,6], [13,6], [12,7], [11,8], [12,9], [13,10], [12,9], [13,10], [12,9], 
# Episode 43 (Trapped)
[12,2], [13,3], [14,4], [15,5], [14,6], [13,6], [12,7], [11,8], [12,9], [13,10], [12,9], [13,10], [12,9], 
# Episode 44 (Trapped)
[12,2], [13,3], [14,4], [15,5], [14,6], [13,6], [12,7], [11,8], [12,9], [13,10], [12,9], [13,10], [12,9], 
# Episode 45 (Trapped)
[12,2], [13,3], [14,4], [15,5], [14,6], [13,6], [12,7], [11,8], [12,9], [13,10], [12,9], [13,10], [12,9], 
# Episode 46 (Trapped)
[12,2], [13,3], [14,4], [15,5], [14,6], [13,6], [12,7], [11,8], [12,9], [13,10], [12,9], [13,10], [12,9], 
# Episode 47 (Trapped)
[12,2], [13,3], [14,4], [15,5], [14,6], [13,6], [12,7], [11,8], [12,9], [13,10], [12,9], [13,10], [12,9], 
# Episode 48 (Trapped)
[12,2], [13,3], [14,4], [15,5], [14,6], [13,6], [12,7], [11,8], [12,9], [13,10], [12,9], [13,10], [12,9], 
# Episode 49 (Trapped)
[12,2], [13,3], [14,4], [15,5], [14,6], [13,6], [12,7], [11,8], [12,9], [13,10], [12,9], [13,10], [12,9], 
# Episode 50 (Trapped)
[12,2], [13,3], [14,4], [15,5], [14,6], [13,6], [12,7], [11,8], [12,9], [13,10], [12,9], [13,10], [12,9], 
# Episode 51 (Trapped)
[12,2], [13,3], [14,4], [15,5], [14,6], [13,6], [12,7], [11,8], [12,9], [13,10], [12,9], [13,10], [12,9], 
# Episode 52 (Trapped)
[12,2], [13,3], [14,4], [15,5], [14,6], [13,6], [12,7], [11,8], [12,9], [13,10], [12,9], [13,10], [12,9], 
# Episode 53 (Trapped)
[12,2], [13,3], [14,4], [15,5], [14,6], [13,6], [12,7], [11,8], [12,9], [13,10], [12,9], [13,10], [12,9], 
# Episode 54 (Trapped)
[12,2], [13,3], [14,4], [15,5], [14,6], [13,6], [12,7], [11,8], [12,9], [13,10], [12,9], [13,10], [12,9], 
# Episode 55 (Goal)
[12,2], [13,3], [14,4], [15,5], [14,6], [13,6], [12,7], [11,8], [12,9], [13,10], [13,11], [13,12], [14,13], [14,14], [15,15], [16,16], [17,17], [18,16], [19,15], [20,16], [21,17], [22,18], [23,17], [23,18], [24,17], [25,18], [26,19], [27,20], [28,21], [28,22], [27,22], [28,23], [29,24], [30,25], [31,26], [30,27], [29,28], [28,29], [27,30], [27,31], [26,31], [25,31], [24,31], [23,31], [22,30], 
# Episode 56 (Collision)
[12,2], [13,3], [14,4], [15,5], [14,6], [13,6], [12,7], [11,8], [12,9], [13,10], [13,11], [13,12], [14,13], [14,14], [15,15], [16,16], [17,17], [18,16], [19,15], [20,16], [21,17], [22,18], [23,17], [23,18], [24,17], [25,18], [26,19], [27,20], [28,21], [27,22], [28,23], 
# Episode 57 (Goal)
[12,2], [13,3], [14,4], [15,5], [14,6], [13,6], [12,7], [11,8], [12,9], [13,10], [14,11], [14,12], [15,13], [16,14], [17,15], [18,16], [19,15], [20,16], [21,17], [22,18], [23,17], [23,18], [24,17], [25,18], [26,19], [27,20], [28,21], [29,22], [30,23], [30,24], [29,25], [28,26], [28,27], [27,28], [26,29], [25,30], [24,31], [23,31], [22,30], 
# Episode 58 (Goal)
[12,2], [13,3], [14,4], [15,5], [14,6], [13,6], [12,7], [11,8], [12,9], [13,10], [14,11], [15,12], [16,13], [17,14], [18,15], [19,16], [20,17], [21,16], [22,17], [23,18], [24,17], [25,18], [26,19], [27,20], [28,21], [29,22], [29,23], [28,24], [28,25], [29,26], [28,27], [27,28], [26,29], [25,30], [24,31], [23,31], [22,30], 
# Episode 59 (Collision)
[12,2], [13,3], [14,4], [15,5], [14,6], [13,6], [12,7], [11,8], [12,9], [13,10], [14,11], [15,12], [16,13], [17,14], [18,15], [19,16], [20,17], [21,16], [22,17], [23,18], [24,17], [25,18], [26,19], [27,20], [28,21], [27,22], [28,23], 
# Episode 60 (Collision)
[12,2], [13,3], [14,4], [15,5], [14,6], [13,6], [12,7], [11,8], [12,9], [13,10], [14,11], [14,12], [15,13], [16,14], [17,15], [18,16], [19,15], [20,16], [21,17], [22,18], [23,17], [23,18], [24,17], [25,18], [26,19], [27,20], [28,21], [28,22], [29,23], 
# Episode 61 (Collision)
[12,2], [13,3], [14,4], [15,5], [14,6], [13,6], [12,7], [11,8], [12,9], [13,10], [14,11], [14,12], [15,13], [16,14], [17,15], [18,16], [19,15], [20,16], [21,17], [22,18], [23,17], [23,18], [24,17], [25,18], [26,19], [27,20], [28,21], [29,22], 
# Episode 62 (Collision)
[12,2], [13,3], [14,4], [15,5], [14,6], [13,6], [12,7], [11,8], [12,9], [13,10], [13,11], [13,12], [14,13], [14,14], [15,15], [16,16], [17,17], [18,16], [19,15], [20,16], [21,17], [22,18], [23,17], [23,18], [24,17], [25,18], [26,19], [27,20], [28,21], [27,22], [28,23], 
# Episode 63 (Goal)
[12,2], [13,3], [14,4], [15,5], [14,6], [13,6], [12,7], [11,8], [12,9], [13,10], [13,11], [13,12], [14,13], [14,14], [15,15], [16,16], [17,17], [18,16], [19,15], [20,16], [21,17], [22,18], [23,17], [23,18], [24,17], [25,18], [26,19], [27,20], [28,21], [29,22], [30,23], [30,24], [29,25], [28,26], [28,27], [27,28], [26,29], [25,30], [24,31], [23,31], [22,30], 
# Episode 64 (Trapped)
[12,2], [13,3], [14,4], [15,5], [14,6], [13,6], [12,7], [11,8], [12,9], [13,10], [12,9], [13,10], [12,9], 
# Episode 65 (Trapped)
[12,2], [13,3], [14,4], [15,5], [14,6], [13,6], [12,7], [11,8], [12,9], [13,10], [12,9], [13,10], [12,9], 
# Episode 66 (Trapped)
[12,2], [13,3], [14,4], [15,5], [14,6], [13,6], [12,7], [11,8], [12,9], [13,10], [12,9], [13,10], [12,9], 
# Episode 67 (Trapped)
[12,2], [13,3], [14,4], [15,5], [14,6], [13,6], [12,7], [11,8], [12,9], [13,10], [12,9], [13,10], [12,9], 
# Episode 68 (Trapped)
[12,2], [13,3], [14,4], [15,5], [14,6], [13,6], [12,7], [11,8], [12,9], [13,10], [12,9], [13,10], [12,9], 
# Episode 69 (Trapped)
[12,2], [13,3], [14,4], [15,5], [14,6], [13,6], [12,7], [11,8], [12,9], [13,10], [12,9], [13,10], [12,9], 
# Episode 70 (Trapped)
[12,2], [13,3], [14,4], [15,5], [14,6], [13,6], [12,7], [11,8], [12,9], [13,10], [12,9], [13,10], [12,9], 
# Episode 71 (Trapped)
[12,2], [13,3], [14,4], [15,5], [14,6], [13,6], [12,7], [11,8], [12,9], [13,10], [12,9], [13,10], [12,9], 
# Episode 72 (Trapped)
[12,2], [13,3], [14,4], [15,5], [14,6], [13,6], [12,7], [11,8], [12,9], [13,10], [12,9], [13,10], [12,9], 
# Episode 73 (Trapped)
[12,2], [13,3], [14,4], [15,5], [14,6], [13,6], [12,7], [11,8], [12,9], [13,10], [12,9], [13,10], [12,9], 
# Episode 74 (Trapped)
[12,2], [13,3], [14,4], [15,5], [14,6], [13,6], [12,7], [11,8], [12,9], [13,10], [12,9], [13,10], [12,9], 
# Episode 75 (Trapped)
[12,2], [13,3], [14,4], [15,5], [14,6], [13,6], [12,7], [11,8], [12,9], [13,10], [12,9], [13,10], [12,9], 
# Episode 76 (Trapped)
[12,2], [13,3], [14,4], [15,5], [14,6], [13,6], [12,7], [11,8], [12,9], [13,10], [12,9], [13,10], [12,9], 
# Episode 77 (Trapped)
[12,2], [13,3], [14,4], [15,5], [14,6], [13,6], [12,7], [11,8], [12,9], [13,10], [12,9], [13,10], [12,9], 
# Episode 78 (Trapped)
[12,2], [13,3], [14,4], [15,5], [14,6], [13,6], [12,7], [11,8], [12,9], [13,10], [12,9], [13,10], [12,9], 
# Episode 79 (Trapped)
[12,2], [13,3], [14,4], [15,5], [14,6], [13,6], [12,7], [11,8], [12,9], [13,10], [12,9], [13,10], [12,9], 
# Episode 80 (Trapped)
[12,2], [13,3], [14,4], [15,5], [14,6], [13,6], [12,7], [11,8], [12,9], [13,10], [12,9], [13,10], [12,9], 
# Episode 81 (Trapped)
[12,2], [13,3], [14,4], [15,5], [14,6], [13,6], [12,7], [11,8], [12,9], [13,10], [12,9], [13,10], [12,9], 
# Episode 82 (Trapped)
[12,2], [13,3], [14,4], [15,5], [14,6], [13,6], [12,7], [11,8], [12,9], [13,10], [12,9], [13,10], [12,9], 
# Episode 83 (Trapped)
[12,2], [13,3], [14,4], [15,5], [14,6], [13,6], [12,7], [11,8], [12,9], [13,10], [12,9], [13,10], [12,9], 
# Episode 84 (Trapped)
[12,2], [13,3], [14,4], [15,5], [14,6], [13,6], [12,7], [11,8], [12,9], [13,10], [12,9], [13,10], [12,9], 
# Episode 85 (Trapped)
[12,2], [13,3], [14,4], [15,5], [14,6], [13,6], [12,7], [11,8], [12,9], [13,10], [12,9], [13,10], [12,9], 
# Episode 86 (Trapped)
[12,2], [13,3], [14,4], [15,5], [14,6], [13,6], [12,7], [11,8], [12,9], [13,10], [12,9], [13,10], [12,9], 
# Episode 87 (Trapped)
[12,2], [13,3], [14,4], [15,5], [14,6], [13,6], [12,7], [11,8], [12,9], [13,10], [12,9], [13,10], [12,9], 
# Episode 88 (Trapped)
[12,2], [13,3], [14,4], [15,5], [14,6], [13,6], [12,7], [11,8], [12,9], [13,10], [12,9], [13,10], [12,9], 
# Episode 89 (Trapped)
[12,2], [13,3], [14,4], [15,5], [14,6], [13,6], [12,7], [11,8], [12,9], [13,10], [12,9], [13,10], [12,9], 
# Episode 90 (Trapped)
[12,2], [13,3], [14,4], [15,5], [14,6], [13,6], [12,7], [11,8], [12,9], [13,10], [12,9], [13,10], [12,9], 
# Episode 91 (Trapped)
[12,2], [13,3], [14,4], [15,5], [14,6], [13,6], [12,7], [11,8], [12,9], [13,10], [12,9], [13,10], [12,9], 
# Episode 92 (Trapped)
[12,2], [13,3], [14,4], [15,5], [14,6], [13,6], [12,7], [11,8], [12,9], [13,10], [12,9], [13,10], [12,9], 
# Episode 93 (Goal)
[12,2], [13,3], [14,4], [15,5], [14,6], [13,6], [12,7], [11,8], [12,9], [13,10], [13,11], [13,12], [14,13], [14,14], [15,15], [16,16], [17,17], [18,16], [19,15], [20,16], [21,17], [22,18], [23,17], [23,18], [24,17], [25,18], [26,19], [27,20], [28,21], [29,22], [30,23], [30,24], [29,25], [28,26], [28,27], [27,28], [26,29], [25,30], [24,31], [23,31], [22,30], 
# Episode 94 (Goal)
[12,2], [13,3], [14,4], [15,5], [14,6], [13,6], [12,7], [11,8], [12,9], [13,10], [13,11], [13,12], [14,13], [14,14], [15,15], [16,16], [17,17], [18,16], [19,15], [20,16], [21,17], [22,18], [23,17], [23,18], [24,17], [25,18], [26,19], [27,20], [28,21], [29,22], [30,23], [30,24], [29,25], [28,26], [28,27], [27,28], [26,29], [25,30], [24,31], [23,31], [22,30], 
# Episode 95 (Collision)
[12,2], [13,3], [14,4], [15,5], [14,6], [13,6], [12,7], [11,8], [12,9], [13,10], [14,11], [14,12], [15,13], [16,14], [17,15], [18,16], [19,15], [20,16], [21,17], [22,18], [23,17], [23,18], [24,17], [25,18], [26,19], [27,20], [28,21], [27,22], [28,23], 
# Episode 96 (Collision)
[12,2], [13,3], [14,4], [15,5], [14,6], [13,6], [12,7], [11,8], [12,9], [13,10], [14,11], [15,12], [16,13], [17,14], [18,15], [19,16], [20,17], [21,16], [22,17], [23,18], [24,17], [25,18], [26,19], [27,20], [28,21], [29,22], 
# Episode 97 (Collision)
[12,2], [13,3], [14,4], [15,5], [14,6], [13,6], [12,7], [11,8], [12,9], [13,10], [14,11], [15,12], [16,13], [17,14], [18,15], [19,16], [20,17], [21,16], [22,17], [23,18], [24,17], [25,18], [26,19], [27,20], [28,21], [29,22], 
# Episode 98 (Collision)
[12,2], [13,3], [14,4], [15,5], [14,6], [13,6], [12,7], [11,8], [12,9], [13,10], [14,11], [15,12], [16,13], [17,14], [18,15], [19,16], [20,17], [21,16], [22,17], [23,18], [24,17], [25,18], [26,19], [27,20], [28,21], [27,22], [28,23], 
# Episode 99 (Goal)
[12,2], [13,3], [14,4], [15,5], [14,6], [13,6], [12,7], [11,8], [12,9], [13,10], [14,11], [14,12], [15,13], [16,14], [17,15], [18,16], [19,15], [20,16], [21,17], [22,18], [23,17], [23,18], [24,17], [25,18], [26,19], [27,20], [28,21], [29,22], [30,23], [30,24], [29,25], [28,26], [28,27], [27,28], [26,29], [25,30], [24,31], [23,31], [22,30], 
# Episode 100 (Goal)
[12,2], [13,3], [14,4], [15,5], [14,6], [13,6], [12,7], [11,8], [12,9], [13,10], [14,11], [14,12], [14,13], [14,14], [15,15], [16,16], [17,17], [18,16], [19,15], [20,16], [21,17], [22,18], [23,17], [23,18], [24,17], [25,18], [26,19], [27,20], [28,21], [29,22], [29,23], [28,24], [28,25], [29,26], [28,27], [27,28], [26,29], [25,30], [24,31], [23,31], [22,30], 
