# Episode 1 (Collision)
[6,6], [7,6], [8,6], [9,6], [10,6], [11,6], [12,6], [13,6], [14,6], [15,6], [16,5], [17,6], [18,7], [18,8], [18,9], [18,10], [18,11], [18,12], [17,13], [17,14], [17,15], [17,16], [17,17], [17,18], [17,19], [17,20]
# Episode 2 (Collision)
[6,6], [6,7], [6,8], [6,9]
# Episode 3 (Goal)
[6,6], [7,6], [8,6], [9,6], [10,6], [11,6], [12,6], [13,6], [14,6], [15,7], [16,8], [17,9], [18,10], [19,11], [20,12], [21,13], [22,14], [23,15], [24,16], [24,17], [23,18], [22,19], [21,20], [20,21], [19,22], [18,23], [17,24], [16,24], [15,25], [15,26], [14,27]
# Episode 4 (Collision)
[6,6], [6,7], [6,8], [6,9], [7,10], [8,9]
# Episode 5 (Collision)
[6,6], [7,6], [8,6], [9,6], [10,7], [11,6], [12,6], [13,6], [14,6], [15,6], [16,6], [17,7], [18,7], [19,8], [20,9], [21,10], [22,11], [23,12], [23,13], [24,14], [24,15], [24,16], [24,17], [23,18], [22,19], [21,20], [20,21]
# Episode 6 (Collision)
[6,6], [7,7], [7,8], [8,9], [8,10], [9,11], [9,12], [9,13], [8,13], [9,13], [8,13], [9,13], [8,13], [9,13], [8,13], [9,13], [8,13], [9,13], [8,13], [9,13], [8,13], [9,13], [8,13], [9,13], [8,13], [9,13], [8,13], [9,13], [8,13], [9,13], [8,13], [9,13], [8,13], [9,13], [8,13], [9,13], [8,13], [8,12], [8,11], [8,10], [8,9], [8,8], [8,7], [9,6]
# Episode 7 (Collision)
[6,6], [7,5], [8,5], [9,5], [10,5]
# Episode 8 (Collision)
[6,6], [7,6], [8,6], [9,6], [10,6]
# Episode 9 (Collision)
[6,6], [7,6], [8,6], [9,6], [10,6]
# Episode 10 (Collision)
[6,6], [7,6], [8,6], [9,6], [10,6]
# Episode 11 (Collision)
[6,6], [7,6], [8,6], [9,6], [10,6]
# Episode 12 (Collision)
[6,6], [7,6], [8,6], [9,6], [10,6]
# Episode 13 (Collision)
[6,6], [7,6], [8,6], [9,6], [10,6]
# Episode 14 (Collision)
[6,6], [7,6], [8,6], [9,6], [10,6]
# Episode 15 (Collision)
[6,6], [7,6], [8,6], [9,6], [10,6]
# Episode 16 (Collision)
[6,6], [7,6], [8,6], [9,6], [10,6]
# Episode 17 (Collision)
[6,6], [7,6], [8,6], [9,6], [10,6]
# Episode 18 (Collision)
[6,6], [7,6], [8,6], [9,6], [10,6]
# Episode 19 (Collision)
[6,6], [7,6], [8,6], [9,6], [10,6]
# Episode 20 (Collision)
[6,6], [7,6], [8,6], [9,6], [10,6]
# Episode 21 (Collision)
[6,6], [7,6], [8,6], [9,6]
# Episode 22 (Collision)
[6,6], [7,6], [8,6], [9,6]
# Episode 23 (Collision)
[6,6], [7,6], [8,6], [9,6]
# Episode 24 (Collision)
[6,6], [7,6], [8,6], [9,6]
# Episode 25 (Collision)
[6,6], [7,6], [8,6], [9,6]
# Episode 26 (Collision)
[6,6], [7,6], [8,6], [9,6]
# Episode 27 (Collision)
[6,6], [7,6], [8,6], [9,6]
# Episode 28 (Collision)
[6,6], [7,6], [8,6], [9,6]
# Episode 29 (Collision)
[6,6], [7,6], [8,6], [9,6]
# Episode 30 (Collision)
[6,6], [7,6], [8,6], [9,6]
# Episode 31 (Collision)
[6,6], [7,6], [8,6], [9,6], [10,6], [11,6], [12,6], [13,6], [14,6], [15,5], [16,6], [17,7], [18,8], [19,9], [20,10], [21,11]
# Episode 32 (Collision)
[6,6], [7,7], [8,8]
# Episode 33 (Collision)
[6,6], [7,7], [8,8]
# Episode 34 (Collision)
[6,6], [7,7], [8,8]
# Episode 35 (Collision)
[6,6], [7,7], [8,8]
# Episode 36 (Collision)
[6,6], [7,7], [8,8]
# Episode 37 (Collision)
[6,6], [7,7], [8,8]
# Episode 38 (Collision)
[6,6], [7,7], [8,8]
# Episode 39 (Collision)
[6,6], [7,7], [8,8]
# Episode 40 (Collision)
[6,6], [7,7], [8,8]
# Episode 41 (Collision)
[6,6], [7,7], [8,8]
# Episode 42 (Collision)
[6,6], [7,7], [8,8]
# Episode 43 (Collision)
[6,6], [7,7], [8,8]
# Episode 44 (Collision)
[6,6], [7,7], [8,8]
# Episode 45 (Collision)
[6,6], [7,7], [8,8]
# Episode 46 (Goal)
[6,6], [7,7], [8,7], [9,7], [10,7], [11,7], [12,6], [13,6], [14,5], [15,6], [16,7], [17,8], [18,9], [19,10], [20,11], [21,12], [22,13], [23,14], [23,15], [24,16], [24,17], [24,18], [24,19], [23,20], [22,21], [21,22], [20,22], [19,23], [18,23], [17,23], [16,24], [15,25], [15,26], [14,27]
# Episode 47 (Collision)
[6,6], [6,7], [6,8], [6,9]
# Episode 48 (Goal)
[6,6], [7,6], [8,6], [9,6], [10,6], [11,6], [12,6], [13,6], [14,6], [15,7], [16,8], [17,9], [18,10], [19,11], [20,12], [21,13], [22,14], [23,15], [24,16], [24,17], [23,18], [22,19], [21,20], [20,21], [19,22], [18,23], [17,24], [16,24], [15,25], [15,26], [14,27]
# Episode 49 (Collision)
[6,6], [6,7], [6,8], [6,9]
# Episode 50 (Goal)
[6,6], [6,7], [7,7], [8,7], [9,7], [10,7], [11,6], [12,6], [13,6], [14,6], [15,7], [16,8], [17,9], [18,10], [19,11], [20,12], [21,13], [22,14], [23,15], [24,15], [25,16], [24,17], [23,18], [22,19], [21,20], [20,21], [19,22], [18,23], [17,24], [16,25], [15,25], [15,26], [14,27]
# Episode 51 (Collision)
[6,6], [6,7], [6,8], [6,9], [7,10], [8,9]
# Episode 52 (Collision)
[6,6], [7,6], [8,6], [9,6], [10,7], [11,6], [12,6], [13,6], [14,6], [15,6], [16,6], [17,7], [18,7], [19,8], [20,9], [21,10], [22,11], [23,12], [23,13], [24,14], [24,15], [24,16], [24,17], [23,18], [22,19], [21,20], [20,21]
# Episode 53 (Collision)
[6,6], [7,7], [7,8], [8,9], [8,10], [9,11], [9,12], [9,13], [8,13], [9,13], [8,13], [9,13], [8,13], [9,13], [8,13], [9,13], [8,13], [9,13], [8,13], [9,13], [8,13], [9,13], [8,13], [9,13], [8,13], [9,13], [8,13], [9,13], [8,13], [9,13], [8,13], [9,13], [8,13], [9,13], [8,13], [9,13], [8,13], [8,12], [8,11], [8,10], [8,9], [8,8], [8,7], [9,6]
# Episode 54 (Collision)
[6,6], [7,5], [8,5], [9,5], [10,5], [11,5], [12,5], [13,5], [14,5], [15,6], [16,6], [17,7], [18,7], [19,8], [20,9], [21,10], [22,11], [23,12], [24,13], [24,14], [24,15], [24,16], [24,17], [23,18], [22,19], [21,20]
# Episode 55 (Collision)
[6,6], [7,7], [7,8], [8,9], [8,10], [9,11], [9,12], [9,13], [8,13], [9,13], [8,13], [9,13], [8,13], [9,13], [8,13], [9,13], [8,13], [9,13], [8,13], [9,13], [8,13], [9,13], [8,13], [9,13], [8,13], [9,13], [8,13], [9,13], [8,13], [9,13], [8,13], [9,13], [8,13], [9,13], [8,13], [9,13], [8,13], [8,12], [8,11], [8,10], [8,9], [8,8], [8,7], [9,6], [9,5], [10,5]
# Episode 56 (Collision)
[6,6], [7,6], [8,6], [9,6], [10,6]
# Episode 57 (Collision)
[6,6], [7,6], [8,6], [9,6]
# Episode 58 (Collision)
[6,6], [7,6], [8,6], [9,6]
# Episode 59 (Collision)
[6,6], [7,6], [8,6], [9,6]
# Episode 60 (Collision)
[6,6], [7,6], [8,6], [9,6]
# Episode 61 (Collision)
[6,6], [7,6], [8,6], [9,6]
# Episode 62 (Collision)
[6,6], [7,6], [8,6], [9,6]
# Episode 63 (Collision)
[6,6], [7,6], [8,6], [9,6]
# Episode 64 (Collision)
[6,6], [7,6], [8,6], [9,6]
# Episode 65 (Collision)
[6,6], [7,6], [8,6], [9,6]
# Episode 66 (Collision)
[6,6], [7,6], [8,6], [9,6]
# Episode 67 (Collision)
[6,6], [7,6], [8,6], [9,6], [10,6], [11,6], [12,6], [13,6], [14,6], [15,5], [16,6], [17,7], [18,8], [19,9], [20,10], [21,11], [22,12], [23,13], [24,14], [24,15], [24,16], [23,17], [22,18], [21,19], [20,20]
# Episode 68 (Collision)
[6,6], [7,7], [8,8]
# Episode 69 (Collision)
[6,6], [7,7], [8,8]
# Episode 70 (Collision)
[6,6], [7,7], [8,8]
# Episode 71 (Collision)
[6,6], [7,7], [8,8]
# Episode 72 (Collision)
[6,6], [7,7], [8,8]
# Episode 73 (Collision)
[6,6], [7,7], [8,8]
# Episode 74 (Collision)
[6,6], [7,7], [8,8]
# Episode 75 (Collision)
[6,6], [7,7], [8,8]
# Episode 76 (Collision)
[6,6], [7,7], [8,8]
# Episode 77 (Collision)
[6,6], [7,7], [8,8]
# Episode 78 (Collision)
[6,6], [7,7], [8,8]
# Episode 79 (Collision)
[6,6], [7,7], [8,8]
# Episode 80 (Collision)
[6,6], [7,7], [8,8]
# Episode 81 (Collision)
[6,6], [7,7], [8,8]
# Episode 82 (Goal)
[6,6], [7,7], [8,7], [9,7], [10,7], [11,7], [12,6], [13,6], [14,5], [15,6], [16,7], [17,8], [18,9], [19,10], [20,11], [21,12], [22,13], [23,14], [23,15], [24,16], [24,17], [24,18], [24,19], [23,20], [22,21], [21,22], [20,22], [19,23], [18,23], [17,23], [16,24], [15,25], [15,26], [14,27]
# Episode 83 (Collision)
[6,6], [6,7], [6,8], [6,9]
# Episode 84 (Goal)
[6,6], [7,6], [8,6], [9,6], [10,6], [11,6], [12,6], [13,6], [14,6], [15,7], [16,8], [17,9], [18,10], [19,11], [20,12], [21,13], [22,14], [23,15], [24,16], [24,17], [23,18], [22,19], [21,20], [20,21], [19,22], [18,23], [17,24], [16,24], [15,25], [15,26], [14,27]
# Episode 85 (Collision)
[6,6], [6,7], [6,8], [6,9]
# Episode 86 (Goal)
[6,6], [6,7], [7,7], [8,7], [9,7], [10,7], [11,6], [12,6], [13,6], [14,6], [15,7], [16,8], [17,9], [18,10], [19,11], [20,12], [21,13], [22,14], [23,15], [24,15], [25,16], [24,17], [23,18], [22,19], [21,20], [20,21], [19,22], [18,23], [17,24], [16,25], [15,25], [15,26], [14,27]
# Episode 87 (Collision)
[6,6], [6,7], [6,8], [6,9], [7,10], [8,9]
# Episode 88 (Collision)
[6,6], [7,6], [8,6], [9,6], [10,7], [11,6], [12,6], [13,6], [14,6], [15,6], [16,6], [17,7], [18,7], [19,8], [20,9], [21,10], [22,11], [23,12], [23,13], [24,14], [24,15], [24,16], [24,17], [23,18], [22,19], [21,20], [20,21]
# Episode 89 (Collision)
[6,6], [7,7], [7,8], [8,9], [8,10], [9,11], [9,12], [9,13], [8,13], [9,13], [8,13], [9,13], [8,13], [9,13], [8,13], [9,13], [8,13], [9,13], [8,13], [9,13], [8,13], [9,13], [8,13], [9,13], [8,13], [9,13], [8,13], [9,13], [8,13], [9,13], [8,13], [9,13], [8,13], [9,13], [8,13], [9,13], [8,13], [8,12], [8,11], [8,10], [8,9], [8,8], [8,7], [9,6]
# Episode 90 (Collision)
[6,6], [7,5], [8,5], [9,5], [10,5], [11,5], [12,5], [13,5], [14,5], [15,6], [16,6], [17,7], [18,7], [19,8], [20,9], [21,10], [22,11], [23,12], [24,13], [24,14], [24,15], [24,16], [24,17], [23,18], [22,19], [21,20]
# Episode 91 (Collision)
[6,6], [7,7], [7,8], [8,9], [8,10], [9,11], [9,12], [9,13], [8,13], [9,13], [8,13], [9,13], [8,13], [9,13], [8,13], [9,13], [8,13], [9,13], [8,13], [9,13], [8,13], [9,13], [8,13], [9,13], [8,13], [9,13], [8,13], [9,13], [8,13], [9,13], [8,13], [9,13], [8,13], [9,13], [8,13], [9,13], [8,13], [8,12], [8,11], [8,10], [8,9], [8,8], [8,7], [9,6]
# Episode 92 (Collision)
[6,6], [7,5], [8,5], [9,5], [10,5], [11,5], [12,5], [13,5], [14,5], [15,6], [16,6], [17,7], [18,7], [19,8], [20,9], [21,10], [22,11], [23,12], [24,13], [24,14], [24,15], [24,16], [24,17], [23,18], [22,19], [21,20]
# Episode 93 (Collision)
[6,6], [7,7], [7,8], [8,9], [8,10], [9,11], [9,12], [9,13], [8,13], [9,13], [8,13], [9,13], [8,13], [9,13], [8,13], [9,13], [8,13], [9,13], [8,13], [9,13], [8,13], [9,13], [8,13], [9,13], [8,13], [9,13], [8,13], [9,13], [8,13], [9,13], [8,13], [9,13], [8,13], [9,13], [8,13], [9,13], [8,13], [8,12], [8,11], [8,10], [8,9]
# Episode 94 (Goal)
[6,6], [7,5], [8,5], [9,5], [10,5], [11,5], [12,5], [13,5], [14,5], [15,6], [16,6], [17,7], [18,7], [19,8], [20,9], [21,10], [22,11], [23,12], [24,13], [24,14], [24,15], [24,16], [24,17], [23,18], [22,19], [21,20], [20,21], [19,22], [18,23], [17,24], [16,25], [15,25], [15,26], [14,27]
# Episode 95 (Collision)
[6,6], [6,7], [6,8], [6,9]
# Episode 96 (Goal)
[6,6], [6,7], [7,7], [8,7], [9,7], [10,7], [11,6], [12,6], [13,6], [14,6], [15,7], [16,8], [17,9], [18,10], [19,11], [20,12], [21,13], [22,14], [23,15], [24,15], [25,16], [24,17], [23,18], [22,19], [21,20], [20,21], [19,22], [18,23], [17,24], [16,25], [15,25], [15,26], [14,27]
# Episode 97 (Collision)
[6,6], [6,7], [6,8], [6,9], [7,10], [8,9], [9,8], [10,7], [11,6], [12,6], [13,6], [14,6], [15,6], [16,6], [17,7], [18,7], [19,8], [20,9], [21,10], [22,11]
# Episode 98 (Collision)
[6,6], [7,7], [8,8], [9,9], [9,10], [9,11], [9,12], [9,13], [9,12], [9,13], [9,12], [9,13], [9,12], [9,13], [9,12], [9,13], [9,12], [9,13], [9,12], [9,13], [9,12], [9,13], [9,12], [9,13], [9,12], [9,13], [9,12], [9,13], [9,12], [9,13], [9,12], [9,13], [9,12], [9,13], [9,12], [9,13], [9,12], [9,11], [9,10], [8,9]
# Episode 99 (Collision)
[6,6], [7,7], [8,7], [9,7], [10,7], [11,6], [12,6], [13,6], [14,6], [15,6], [16,6], [17,7], [18,8], [19,9], [20,10], [21,11], [22,12], [23,13], [24,14], [25,15], [25,16], [24,17], [23,18], [22,19], [21,20], [20,21]
# Episode 100 (Collision)
[6,6], [7,7], [8,8]
