# Episode 1 (Goal)
[28,4], [28,5], [27,6], [26,6], [25,6], [24,6], [23,6], [23,7], [22,7], [21,7], [20,7], [20,8], [19,8], [19,9], [18,9], [17,8], [17,9], [16,9], [15,10], [14,11], [13,12], [13,13], [13,14], [13,15], [13,16], [13,17], [13,18], [14,19], [14,20], [15,21], [16,21], [17,22], [18,23], [18,24], [18,25], [18,26], [18,28], 
# Episode 2 (Goal)
[28,4], [28,5], [27,6], [26,6], [25,6], [24,6], [23,6], [23,7], [22,7], [21,7], [20,7], [20,8], [19,8], [19,9], [18,9], [17,8], [17,9], [16,9], [15,10], [14,11], [13,12], [13,13], [13,14], [13,15], [13,16], [13,17], [13,18], [14,19], [14,20], [15,21], [16,21], [17,22], [18,23], [18,24], [18,25], [18,26], [18,28], 
# Episode 3 (Goal)
[28,4], [28,5], [27,6], [26,6], [25,6], [24,6], [23,6], [23,7], [22,7], [21,7], [20,7], [20,8], [19,8], [19,9], [18,9], [17,8], [17,9], [16,9], [15,10], [14,11], [13,12], [13,13], [13,14], [13,15], [13,16], [13,17], [14,18], [15,18], [15,19], [16,20], [17,21], [18,22], [19,23], [18,24], [18,25], [18,26], [18,28], 
# Episode 4 (Goal)
[28,4], [28,5], [27,6], [26,6], [25,6], [24,6], [23,6], [23,7], [22,7], [21,7], [20,7], [20,8], [19,8], [19,9], [18,9], [17,8], [17,9], [16,9], [15,10], [14,11], [13,12], [13,13], [13,14], [14,15], [14,16], [14,17], [14,18], [15,18], [15,19], [16,20], [17,21], [18,22], [19,23], [18,24], [18,25], [18,26], [18,28], 
# Episode 5 (Goal)
[28,4], [28,5], [27,6], [26,6], [25,6], [24,6], [23,6], [23,7], [22,7], [21,7], [20,7], [20,8], [19,8], [19,9], [18,9], [17,8], [17,9], [16,9], [15,10], [14,11], [13,12], [13,13], [12,13], [11,14], [10,15], [10,14], [9,15], [9,16], [9,17], [10,18], [10,17], [11,17], [11,18], [12,18], [12,19], [13,20], [14,21], [15,21], [16,21], [17,22], [18,23], [18,24], [18,25], [18,26], [18,28], 
# Episode 6 (Trapped)
[28,4], [28,5], [27,6], [26,6], [25,6], [24,6], [23,6], [23,7], [22,7], [21,7], [20,7], [20,8], [19,8], [19,9], [18,9], [17,8], [17,9], [16,9], [15,10], [14,11], [13,12], [13,13], [13,14], [13,13], [13,14], [13,13], 
# Episode 7 (Trapped)
[28,4], [28,5], [27,6], [26,6], [25,6], [24,6], [23,6], [23,7], [22,7], [21,7], [20,7], [20,8], [19,8], [19,9], [18,9], [17,8], [17,9], [16,9], [15,10], [14,11], [13,12], [13,13], [13,14], [13,13], [13,14], [13,13], 
# Episode 8 (Goal)
[28,4], [28,5], [27,6], [26,6], [25,6], [24,6], [23,6], [23,7], [22,7], [21,7], [20,7], [20,8], [19,8], [19,9], [18,9], [17,8], [17,9], [16,9], [15,10], [14,11], [13,12], [13,13], [12,13], [11,14], [10,15], [10,16], [10,17], [11,18], [12,18], [12,19], [13,20], [14,21], [15,21], [16,21], [17,22], [18,23], [18,24], [18,25], [18,26], [18,28], 
# Episode 9 (Goal)
[28,4], [28,5], [27,6], [26,6], [25,6], [24,6], [23,6], [23,7], [22,7], [21,7], [20,7], [20,8], [19,8], [19,9], [18,9], [17,8], [17,9], [16,9], [15,10], [14,11], [13,12], [13,13], [13,14], [14,15], [14,16], [15,17], [15,18], [15,19], [16,20], [17,21], [18,22], [19,23], [18,24], [18,25], [18,26], [18,28], 
# Episode 10 (Goal)
[28,4], [28,5], [27,6], [26,6], [25,6], [24,6], [23,6], [23,7], [22,7], [21,7], [20,7], [20,8], [19,8], [19,9], [18,9], [17,8], [17,9], [16,9], [15,10], [14,11], [13,12], [13,13], [13,14], [14,15], [14,16], [14,17], [15,18], [15,19], [16,20], [17,21], [18,22], [19,23], [18,24], [18,25], [18,26], [18,28], 
# Episode 11 (Goal)
[28,4], [28,5], [27,6], [26,6], [25,6], [24,6], [23,6], [23,7], [22,7], [21,7], [20,7], [20,8], [19,8], [19,9], [18,9], [17,8], [17,9], [16,9], [15,10], [14,11], [13,12], [13,13], [13,14], [13,15], [13,16], [13,17], [13,18], [14,19], [14,20], [15,21], [16,21], [17,22], [18,23], [18,24], [18,25], [18,26], [18,28], 
# Episode 12 (Goal)
[28,4], [28,5], [27,6], [26,6], [25,6], [24,6], [23,6], [23,7], [22,7], [21,7], [20,7], [20,8], [19,8], [19,9], [18,9], [17,8], [17,9], [16,9], [15,10], [14,11], [13,12], [13,13], [13,14], [13,15], [13,16], [13,17], [13,18], [14,19], [14,20], [15,21], [16,21], [17,22], [18,23], [18,24], [18,25], [18,26], [18,28], 
# Episode 13 (Goal)
[28,4], [28,5], [27,6], [26,6], [25,6], [24,6], [23,6], [23,7], [22,7], [21,7], [20,7], [20,8], [19,8], [19,9], [18,9], [17,8], [17,9], [16,9], [15,10], [14,11], [13,12], [13,13], [13,14], [13,15], [13,16], [13,17], [13,18], [14,19], [14,20], [15,21], [16,21], [17,22], [18,23], [18,24], [18,25], [18,26], [18,28], 
# Episode 14 (Goal)
[28,4], [28,5], [27,6], [26,6], [25,6], [24,6], [23,6], [23,7], [22,7], [21,7], [20,7], [20,8], [19,8], [19,9], [18,9], [17,8], [17,9], [16,9], [15,10], [14,11], [13,12], [13,13], [13,14], [13,15], [13,16], [13,17], [13,18], [14,19], [14,20], [15,21], [16,21], [17,22], [18,23], [18,24], [18,25], [18,26], [18,28], 
# Episode 15 (Goal)
[28,4], [28,5], [27,6], [26,6], [25,6], [24,6], [23,6], [23,7], [22,7], [21,7], [20,7], [20,8], [19,8], [19,9], [18,9], [17,8], [17,9], [16,9], [15,10], [14,11], [13,12], [13,13], [13,14], [13,15], [13,16], [13,17], [13,18], [14,19], [14,20], [15,21], [16,21], [17,22], [18,23], [18,24], [18,25], [18,26], [18,28], 
# Episode 16 (Goal)
[28,4], [28,5], [27,6], [26,6], [25,6], [24,6], [23,6], [23,7], [22,7], [21,7], [20,7], [20,8], [19,8], [19,9], [18,9], [17,8], [17,9], [16,9], [15,10], [14,11], [13,12], [13,13], [13,14], [13,15], [13,16], [13,17], [13,18], [14,19], [14,20], [15,21], [16,21], [17,22], [18,23], [18,24], [18,25], [18,26], [18,28], 
# Episode 17 (Goal)
[28,4], [28,5], [27,6], [26,6], [25,6], [24,6], [23,6], [23,7], [22,7], [21,7], [20,7], [20,8], [19,8], [19,9], [18,9], [17,8], [17,9], [16,9], [15,10], [14,11], [13,12], [13,13], [13,14], [13,15], [13,16], [13,17], [13,18], [13,19], [14,20], [15,21], [16,21], [17,22], [18,23], [18,24], [18,25], [18,26], [18,28], 
# Episode 18 (Collision)
[28,4], [28,5], [27,6], [26,6], [25,6], [24,6], [23,6], [23,7], [22,7], [21,7], [20,7], [20,8], [19,8], [19,9], [18,9], [17,8], [17,9], [16,9], [15,10], [14,11], [13,12], [13,13], [12,13], [11,14], [10,15], [10,14], [9,15], [9,16], [9,17], [10,18], [10,17], [11,17], 
# Episode 19 (Goal)
[28,4], [28,5], [27,6], [26,6], [25,6], [24,6], [23,6], [23,7], [22,7], [21,7], [20,7], [20,8], [19,8], [19,9], [18,9], [17,8], [17,9], [16,9], [15,10], [14,11], [13,12], [13,13], [12,13], [11,14], [10,15], [10,16], [10,17], [11,18], [11,19], [12,19], [13,19], [13,20], [14,21], [15,21], [16,21], [17,22], [18,23], [18,24], [18,25], [18,26], [18,28], 
# Episode 20 (Goal)
[28,4], [28,5], [27,6], [26,6], [25,6], [24,6], [23,6], [23,7], [22,7], [21,7], [20,7], [20,8], [19,8], [19,9], [18,9], [17,8], [17,9], [16,9], [15,10], [14,11], [13,12], [13,13], [12,14], [11,13], [11,14], [10,15], [10,16], [10,17], [10,18], [11,17], [12,18], [13,18], [14,19], [14,20], [15,21], [16,21], [17,22], [18,23], [18,24], [18,25], [18,26], [18,28], 
# Episode 21 (Goal)
[28,4], [28,5], [27,6], [26,6], [25,6], [24,6], [23,6], [23,7], [22,7], [21,7], [20,7], [20,8], [19,8], [19,9], [18,9], [17,8], [17,9], [16,9], [15,10], [14,11], [13,12], [13,13], [12,13], [11,14], [10,15], [10,16], [10,17], [11,18], [12,18], [12,19], [13,20], [14,21], [15,21], [16,21], [17,22], [18,23], [18,24], [18,25], [18,26], [18,28], 
# Episode 22 (Goal)
[28,4], [28,5], [27,6], [26,6], [25,6], [24,6], [23,6], [23,7], [22,7], [21,7], [20,7], [20,8], [19,8], [19,9], [18,9], [17,8], [17,9], [16,9], [15,10], [14,11], [13,12], [13,13], [13,14], [14,15], [14,16], [14,17], [14,18], [15,18], [15,19], [16,20], [17,21], [18,22], [19,23], [18,24], [18,25], [18,26], [18,28], 
# Episode 23 (Goal)
[28,4], [28,5], [27,6], [26,6], [25,6], [24,6], [23,6], [23,7], [22,7], [21,7], [20,7], [20,8], [19,8], [19,9], [18,9], [17,8], [17,9], [16,9], [15,10], [14,11], [13,12], [13,13], [12,14], [12,15], [12,16], [13,17], [14,18], [15,18], [15,19], [16,20], [17,21], [18,22], [19,23], [18,24], [18,25], [18,26], [18,28], 
# Episode 24 (Goal)
[28,4], [28,5], [27,6], [26,6], [25,6], [24,6], [23,6], [23,7], [22,7], [21,7], [20,7], [20,8], [19,8], [19,9], [18,9], [17,8], [17,9], [16,9], [15,10], [14,11], [13,12], [13,13], [13,14], [13,15], [13,16], [13,17], [13,18], [14,19], [14,20], [15,21], [16,21], [17,22], [18,23], [18,24], [18,25], [18,26], [18,28], 
# Episode 25 (Goal)
[28,4], [28,5], [27,6], [26,6], [25,6], [24,6], [23,6], [23,7], [22,7], [21,7], [20,7], [20,8], [19,8], [19,9], [18,9], [17,8], [17,9], [16,9], [15,10], [14,11], [13,12], [13,13], [13,14], [13,15], [13,16], [13,17], [13,18], [14,19], [14,20], [15,21], [16,21], [17,22], [18,23], [18,24], [18,25], [18,26], [18,28], 
# Episode 26 (Goal)
[28,4], [28,5], [27,6], [26,6], [25,6], [24,6], [23,6], [23,7], [22,7], [21,7], [20,7], [20,8], [19,8], [19,9], [18,9], [17,8], [17,9], [16,9], [15,10], [14,11], [13,12], [13,13], [13,14], [13,15], [13,16], [13,17], [13,18], [14,19], [14,20], [15,21], [16,21], [17,22], [18,23], [18,24], [18,25], [18,26], [18,28], 
# Episode 27 (Trapped)
[28,4], [28,5], [27,6], [26,6], [25,6], [24,6], [23,6], [23,7], [22,7], [21,7], [20,7], [20,8], [19,8], [19,9], [18,9], [17,8], [17,9], [16,9], [15,10], [14,11], [13,12], [13,13], [12,12], [13,13], [12,12], [13,13], 
# Episode 28 (Trapped)
[28,4], [28,5], [27,6], [26,6], [25,6], [24,6], [23,6], [23,7], [22,7], [21,7], [20,7], [20,8], [19,8], [19,9], [18,9], [17,8], [17,9], [16,9], [15,10], [14,11], [13,12], [13,13], [12,12], [13,13], [12,12], [13,13], 
# Episode 29 (Goal)
[28,4], [28,5], [27,6], [26,6], [25,6], [24,6], [23,6], [23,7], [22,7], [21,7], [20,7], [20,8], [19,8], [19,9], [18,9], [17,8], [17,9], [16,9], [15,10], [14,11], [13,12], [13,13], [13,14], [13,15], [13,16], [13,17], [13,18], [14,19], [14,20], [15,21], [16,21], [17,22], [18,23], [18,24], [18,25], [18,26], [18,28], 
# Episode 30 (Goal)
[28,4], [28,5], [27,6], [26,6], [25,6], [24,6], [23,6], [23,7], [22,7], [21,7], [20,7], [20,8], [19,8], [19,9], [18,9], [17,8], [17,9], [16,9], [15,10], [14,11], [13,12], [13,13], [13,14], [13,15], [13,16], [13,17], [13,18], [13,19], [14,20], [15,21], [16,21], [17,22], [18,23], [18,24], [18,25], [18,26], [18,28], 
# Episode 31 (Collision)
[28,4], [28,5], [27,6], [26,6], [25,6], [24,6], [23,6], [23,7], [22,7], [21,7], [20,7], [20,8], [19,8], [19,9], [18,9], [17,8], [17,9], [16,9], [15,10], [14,11], [13,12], [13,13], [12,13], [11,14], [10,14], [9,15], [9,16], [9,17], [10,18], [10,17], [11,17], 
# Episode 32 (Goal)
[28,4], [28,5], [27,6], [26,6], [25,6], [24,6], [23,6], [23,7], [22,7], [21,7], [20,7], [20,8], [19,8], [19,9], [18,9], [17,8], [17,9], [16,9], [15,10], [14,11], [13,12], [13,13], [12,13], [11,14], [10,15], [10,16], [10,17], [11,18], [12,18], [12,19], [13,20], [14,21], [15,21], [16,21], [17,22], [18,23], [18,24], [18,25], [18,26], [18,28], 
# Episode 33 (Goal)
[28,4], [28,5], [27,6], [26,6], [25,6], [24,6], [23,6], [23,7], [22,7], [21,7], [20,7], [20,8], [19,8], [19,9], [18,9], [17,8], [17,9], [16,9], [15,10], [14,11], [13,12], [13,13], [13,14], [12,15], [12,16], [12,17], [13,18], [14,19], [14,20], [15,21], [16,21], [17,22], [18,23], [18,24], [18,25], [18,26], [18,28], 
# Episode 34 (Goal)
[28,4], [28,5], [27,6], [26,6], [25,6], [24,6], [23,6], [23,7], [22,7], [21,7], [20,7], [20,8], [19,8], [19,9], [18,9], [17,8], [17,9], [16,9], [15,10], [14,11], [13,12], [13,13], [12,13], [11,14], [10,15], [10,16], [10,17], [11,18], [12,18], [12,19], [13,20], [14,21], [15,21], [16,21], [17,22], [18,23], [18,24], [18,25], [18,26], [18,28], 
# Episode 35 (Goal)
[28,4], [28,5], [27,6], [26,6], [25,6], [24,6], [23,6], [23,7], [22,7], [21,7], [20,7], [20,8], [19,8], [19,9], [18,9], [17,8], [17,9], [16,9], [15,10], [14,11], [13,12], [13,13], [13,14], [14,15], [14,16], [15,17], [15,18], [15,19], [16,20], [17,21], [18,22], [19,23], [18,24], [18,25], [18,26], [18,28], 
# Episode 36 (Goal)
[28,4], [28,5], [27,6], [26,6], [25,6], [24,6], [23,6], [23,7], [22,7], [21,7], [20,7], [20,8], [19,8], [19,9], [18,9], [17,8], [17,9], [16,9], [15,10], [14,11], [13,12], [13,13], [13,14], [13,15], [13,16], [13,17], [14,18], [15,18], [15,19], [16,20], [17,21], [18,22], [19,23], [18,24], [18,25], [18,26], [18,28], 
# Episode 37 (Goal)
[28,4], [28,5], [27,6], [26,6], [25,6], [24,6], [23,6], [23,7], [22,7], [21,7], [20,7], [20,8], [19,8], [19,9], [18,9], [17,8], [17,9], [16,9], [15,10], [14,11], [13,12], [13,13], [13,14], [13,15], [13,16], [13,17], [13,18], [14,19], [14,20], [15,21], [16,21], [17,22], [18,23], [18,24], [18,25], [18,26], [18,28], 
# Episode 38 (Goal)
[28,4], [28,5], [27,6], [26,6], [25,6], [24,6], [23,6], [23,7], [22,7], [21,7], [20,7], [20,8], [19,8], [19,9], [18,9], [17,8], [17,9], [16,9], [15,10], [14,11], [13,12], [13,13], [13,14], [13,15], [13,16], [13,17], [13,18], [14,19], [14,20], [15,21], [16,21], [17,22], [18,23], [18,24], [18,25], [18,26], [18,28], 
# Episode 39 (Trapped)
[28,4], [28,5], [27,6], [26,6], [25,6], [24,6], [23,6], [23,7], [22,7], [21,7], [20,7], [20,8], [19,8], [19,9], [18,9], [17,8], [17,9], [16,9], [15,10], [14,11], [13,12], [13,13], [12,12], [13,13], [12,12], [13,13], 
# Episode 40 (Trapped)
[28,4], [28,5], [27,6], [26,6], [25,6], [24,6], [23,6], [23,7], [22,7], [21,7], [20,7], [20,8], [19,8], [19,9], [18,9], [17,8], [17,9], [16,9], [15,10], [14,11], [13,12], [13,13], [12,12], [13,13], [12,12], [13,13], 
# Episode 41 (Trapped)
[28,4], [28,5], [27,6], [26,6], [25,6], [24,6], [23,6], [23,7], [22,7], [21,7], [20,7], [20,8], [19,8], [19,9], [18,9], [17,8], [17,9], [16,9], [15,10], [14,11], [13,12], [13,13], [12,12], [13,13], [12,12], [13,13], 
# Episode 42 (Trapped)
[28,4], [28,5], [27,6], [26,6], [25,6], [24,6], [23,6], [23,7], [22,7], [21,7], [20,7], [20,8], [19,8], [19,9], [18,9], [17,8], [17,9], [16,9], [15,10], [14,11], [13,12], [13,13], [12,12], [13,13], [12,12], [13,13], 
# Episode 43 (Goal)
[28,4], [28,5], [27,6], [26,6], [25,6], [24,6], [23,6], [23,7], [22,7], [21,7], [20,7], [20,8], [19,8], [19,9], [18,9], [17,8], [17,9], [16,9], [15,10], [14,11], [13,12], [13,13], [13,14], [13,15], [13,16], [13,17], [13,18], [14,19], [14,20], [15,21], [16,21], [17,22], [18,23], [18,24], [18,25], [18,26], [18,28], 
# Episode 44 (Goal)
[28,4], [28,5], [27,6], [26,6], [25,6], [24,6], [23,6], [23,7], [22,7], [21,7], [20,7], [20,8], [19,8], [19,9], [18,9], [17,8], [17,9], [16,9], [15,10], [14,11], [13,12], [13,13], [13,14], [14,15], [14,16], [14,17], [14,18], [15,18], [15,19], [16,20], [17,21], [18,22], [19,23], [18,24], [18,25], [18,26], [18,28], 
# Episode 45 (Goal)
[28,4], [28,5], [27,6], [26,6], [25,6], [24,6], [23,6], [23,7], [22,7], [21,7], [20,7], [20,8], [19,8], [19,9], [18,9], [17,8], [17,9], [16,9], [15,10], [14,11], [13,12], [13,13], [13,14], [14,15], [14,16], [15,17], [15,18], [15,19], [16,20], [17,21], [18,22], [19,23], [18,24], [18,25], [18,26], [18,28], 
# Episode 46 (Goal)
[28,4], [28,5], [27,6], [26,6], [25,6], [24,6], [23,6], [23,7], [22,7], [21,7], [20,7], [20,8], [19,8], [19,9], [18,9], [17,8], [17,9], [16,9], [15,10], [14,11], [13,12], [13,13], [12,13], [11,14], [10,15], [10,16], [10,17], [11,18], [11,19], [12,19], [13,19], [13,20], [14,21], [15,21], [16,21], [17,22], [18,23], [18,24], [18,25], [18,26], [18,28], 
# Episode 47 (Goal)
[28,4], [28,5], [27,6], [26,6], [25,6], [24,6], [23,6], [23,7], [22,7], [21,7], [20,7], [20,8], [19,8], [19,9], [18,9], [17,8], [17,9], [16,9], [15,10], [14,11], [13,12], [13,13], [12,14], [11,13], [11,14], [10,15], [10,16], [10,17], [10,18], [11,17], [12,18], [13,18], [14,19], [14,20], [15,21], [16,21], [17,22], [18,23], [18,24], [18,25], [18,26], [18,28], 
# Episode 48 (Goal)
[28,4], [28,5], [27,6], [26,6], [25,6], [24,6], [23,6], [23,7], [22,7], [21,7], [20,7], [20,8], [19,8], [19,9], [18,9], [17,8], [17,9], [16,9], [15,10], [14,11], [13,12], [13,13], [12,13], [11,14], [10,15], [10,16], [10,17], [11,18], [12,18], [12,19], [13,20], [14,21], [15,21], [16,21], [17,22], [18,23], [18,24], [18,25], [18,26], [18,28], 
# Episode 49 (Goal)
[28,4], [28,5], [27,6], [26,6], [25,6], [24,6], [23,6], [23,7], [22,7], [21,7], [20,7], [20,8], [19,8], [19,9], [18,9], [17,8], [17,9], [16,9], [15,10], [14,11], [13,12], [13,13], [13,14], [14,15], [14,16], [14,17], [14,18], [15,18], [15,19], [16,20], [17,21], [18,22], [19,23], [18,24], [18,25], [18,26], [18,28], 
# Episode 50 (Goal)
[28,4], [28,5], [27,6], [26,6], [25,6], [24,6], [23,6], [23,7], [22,7], [21,7], [20,7], [20,8], [19,8], [19,9], [18,9], [17,8], [17,9], [16,9], [15,10], [14,11], [13,12], [13,13], [13,14], [13,15], [13,16], [13,17], [14,18], [15,18], [15,19], [16,20], [17,21], [18,22], [19,23], [18,24], [18,25], [18,26], [18,28], 
# Episode 51 (Trapped)
[28,4], [28,5], [27,6], [26,6], [25,6], [24,6], [23,6], [23,7], [22,7], [21,7], [20,7], [20,8], [19,8], [19,9], [18,9], [17,8], [17,9], [16,9], [15,10], [14,11], [13,12], [13,13], [12,12], [13,13], [12,12], [13,13], 
# Episode 52 (Trapped)
[28,4], [28,5], [27,6], [26,6], [25,6], [24,6], [23,6], [23,7], [22,7], [21,7], [20,7], [20,8], [19,8], [19,9], [18,9], [17,8], [17,9], [16,9], [15,10], [14,11], [13,12], [13,13], [12,12], [13,13], [12,12], [13,13], 
# Episode 53 (Trapped)
[28,4], [28,5], [27,6], [26,6], [25,6], [24,6], [23,6], [23,7], [22,7], [21,7], [20,7], [20,8], [19,8], [19,9], [18,9], [17,8], [17,9], [16,9], [15,10], [14,11], [13,12], [13,13], [12,12], [13,13], [12,12], [13,13], 
# Episode 54 (Trapped)
[28,4], [28,5], [27,6], [26,6], [25,6], [24,6], [23,6], [23,7], [22,7], [21,7], [20,7], [20,8], [19,8], [19,9], [18,9], [17,8], [17,9], [16,9], [15,10], [14,11], [13,12], [13,13], [12,12], [13,13], [12,12], [13,13], 
# Episode 55 (Goal)
[28,4], [28,5], [27,6], [26,6], [25,6], [24,6], [23,6], [23,7], [22,7], [21,7], [20,7], [20,8], [19,8], [19,9], [18,9], [17,8], [17,9], [16,9], [15,10], [14,11], [13,12], [13,13], [13,14], [13,15], [13,16], [13,17], [13,18], [14,19], [14,20], [15,21], [16,21], [17,22], [18,23], [18,24], [18,25], [18,26], [18,28], 
# Episode 56 (Goal)
[28,4], [28,5], [27,6], [26,6], [25,6], [24,6], [23,6], [23,7], [22,7], [21,7], [20,7], [20,8], [19,8], [19,9], [18,9], [17,8], [17,9], [16,9], [15,10], [14,11], [13,12], [13,13], [13,14], [13,15], [13,16], [13,17], [13,18], [14,19], [14,20], [15,21], [16,21], [17,22], [18,23], [18,24], [18,25], [18,26], [18,28], 
# Episode 57 (Goal)
[28,4], [28,5], [27,6], [26,6], [25,6], [24,6], [23,6], [23,7], [22,7], [21,7], [20,7], [20,8], [19,8], [19,9], [18,9], [17,8], [17,9], [16,9], [15,10], [14,11], [13,12], [13,13], [12,14], [12,15], [12,16], [13,17], [14,18], [15,18], [15,19], [16,20], [17,21], [18,22], [19,23], [18,24], [18,25], [18,26], [18,28], 
# Episode 58 (Goal)
[28,4], [28,5], [27,6], [26,6], [25,6], [24,6], [23,6], [23,7], [22,7], [21,7], [20,7], [20,8], [19,8], [19,9], [18,9], [17,8], [17,9], [16,9], [15,10], [14,11], [13,12], [13,13], [13,14], [14,15], [14,16], [14,17], [14,18], [15,18], [15,19], [16,20], [17,21], [18,22], [19,23], [18,24], [18,25], [18,26], [18,28], 
# Episode 59 (Goal)
[28,4], [28,5], [27,6], [26,6], [25,6], [24,6], [23,6], [23,7], [22,7], [21,7], [20,7], [20,8], [19,8], [19,9], [18,9], [17,8], [17,9], [16,9], [15,10], [14,11], [13,12], [13,13], [12,13], [11,14], [10,14], [9,15], [9,16], [9,17], [9,18], [9,19], [10,18], [11,18], [12,18], [12,19], [13,20], [14,21], [15,21], [16,21], [17,22], [18,23], [18,24], [18,25], [18,26], [18,28], 
# Episode 60 (Goal)
[28,4], [28,5], [27,6], [26,6], [25,6], [24,6], [23,6], [23,7], [22,7], [21,7], [20,7], [20,8], [19,8], [19,9], [18,9], [17,8], [17,9], [16,9], [15,10], [14,11], [13,12], [13,13], [12,14], [11,13], [11,14], [10,15], [10,16], [10,17], [10,18], [11,17], [12,18], [13,18], [14,19], [14,20], [15,21], [16,21], [17,22], [18,23], [18,24], [18,25], [18,26], [18,28], 
# Episode 61 (Goal)
[28,4], [28,5], [27,6], [26,6], [25,6], [24,6], [23,6], [23,7], [22,7], [21,7], [20,7], [20,8], [19,8], [19,9], [18,9], [17,8], [17,9], [16,9], [15,10], [14,11], [13,12], [13,13], [12,14], [11,13], [11,14], [10,15], [10,16], [10,17], [11,18], [12,18], [12,19], [13,20], [14,21], [15,21], [16,21], [17,22], [18,23], [18,24], [18,25], [18,26], [18,28], 
# Episode 62 (Collision)
[28,4], [28,5], [27,6], [26,6], [25,6], [24,6], [23,6], [23,7], [22,7], [21,7], [20,7], [20,8], [19,8], [19,9], [18,9], [17,8], [17,9], [16,9], [15,10], [14,11], [13,12], [13,13], [12,13], [11,14], [10,14], [9,15], [9,16], [9,17], [10,18], [10,17], [11,17], 
# Episode 63 (Goal)
[28,4], [28,5], [27,6], [26,6], [25,6], [24,6], [23,6], [23,7], [22,7], [21,7], [20,7], [20,8], [19,8], [19,9], [18,9], [17,8], [17,9], [16,9], [15,10], [14,11], [13,12], [13,13], [13,14], [13,15], [13,16], [13,17], [13,18], [13,19], [14,20], [15,21], [16,21], [17,22], [18,23], [18,24], [18,25], [18,26], [18,28], 
# Episode 64 (Goal)
[28,4], [28,5], [27,6], [26,6], [25,6], [24,6], [23,6], [23,7], [22,7], [21,7], [20,7], [20,8], [19,8], [19,9], [18,9], [17,8], [17,9], [16,9], [15,10], [14,11], [13,12], [13,13], [13,14], [13,15], [13,16], [13,17], [13,18], [14,19], [14,20], [15,21], [16,21], [17,22], [18,23], [18,24], [18,25], [18,26], [18,28], 
# Episode 65 (Trapped)
[28,4], [28,5], [27,6], [26,6], [25,6], [24,6], [23,6], [23,7], [22,7], [21,7], [20,7], [20,8], [19,8], [19,9], [18,9], [17,8], [17,9], [16,9], [15,10], [14,11], [13,12], [13,13], [12,12], [13,13], [12,12], [13,13], 
# Episode 66 (Goal)
[28,4], [28,5], [27,6], [26,6], [25,6], [24,6], [23,6], [23,7], [22,7], [21,7], [20,7], [20,8], [19,8], [19,9], [18,9], [17,8], [17,9], [16,9], [15,10], [14,11], [13,12], [13,13], [13,14], [13,15], [13,16], [13,17], [13,18], [14,19], [14,20], [15,21], [16,21], [17,22], [18,23], [18,24], [18,25], [18,26], [18,28], 
# Episode 67 (Goal)
[28,4], [28,5], [27,6], [26,6], [25,6], [24,6], [23,6], [23,7], [22,7], [21,7], [20,7], [20,8], [19,8], [19,9], [18,9], [17,8], [17,9], [16,9], [15,10], [14,11], [13,12], [13,13], [13,14], [13,15], [13,16], [13,17], [13,18], [14,19], [14,20], [15,21], [16,21], [17,22], [18,23], [18,24], [18,25], [18,26], [18,28], 
# Episode 68 (Goal)
[28,4], [28,5], [27,6], [26,6], [25,6], [24,6], [23,6], [23,7], [22,7], [21,7], [20,7], [20,8], [19,8], [19,9], [18,9], [17,8], [17,9], [16,9], [15,10], [14,11], [13,12], [13,13], [13,14], [13,15], [13,16], [13,17], [13,18], [14,19], [14,20], [15,21], [16,21], [17,22], [18,23], [18,24], [18,25], [18,26], [18,28], 
# Episode 69 (Goal)
[28,4], [28,5], [27,6], [26,6], [25,6], [24,6], [23,6], [23,7], [22,7], [21,7], [20,7], [20,8], [19,8], [19,9], [18,9], [17,8], [17,9], [16,9], [15,10], [14,11], [13,12], [13,13], [13,14], [13,15], [13,16], [13,17], [13,18], [14,19], [14,20], [15,21], [16,21], [17,22], [18,23], [18,24], [18,25], [18,26], [18,28], 
# Episode 70 (Goal)
[28,4], [28,5], [27,6], [26,6], [25,6], [24,6], [23,6], [23,7], [22,7], [21,7], [20,7], [20,8], [19,8], [19,9], [18,9], [17,8], [17,9], [16,9], [15,10], [14,11], [13,12], [13,13], [12,14], [12,15], [12,16], [13,17], [14,18], [15,18], [15,19], [16,20], [17,21], [18,22], [19,23], [18,24], [18,25], [18,26], [18,28], 
# Episode 71 (Goal)
[28,4], [28,5], [27,6], [26,6], [25,6], [24,6], [23,6], [23,7], [22,7], [21,7], [20,7], [20,8], [19,8], [19,9], [18,9], [17,8], [17,9], [16,9], [15,10], [14,11], [13,12], [13,13], [13,14], [14,15], [14,16], [15,17], [15,18], [15,19], [16,20], [17,21], [18,22], [19,23], [18,24], [18,25], [18,26], [18,28], 
# Episode 72 (Goal)
[28,4], [28,5], [27,6], [26,6], [25,6], [24,6], [23,6], [23,7], [22,7], [21,7], [20,7], [20,8], [19,8], [19,9], [18,9], [17,8], [17,9], [16,9], [15,10], [14,11], [13,12], [13,13], [12,13], [11,14], [10,15], [10,16], [10,17], [11,18], [12,18], [12,19], [13,20], [14,21], [15,21], [16,21], [17,22], [18,23], [18,24], [18,25], [18,26], [18,28], 
# Episode 73 (Goal)
[28,4], [28,5], [27,6], [26,6], [25,6], [24,6], [23,6], [23,7], [22,7], [21,7], [20,7], [20,8], [19,8], [19,9], [18,9], [17,8], [17,9], [16,9], [15,10], [14,11], [13,12], [13,13], [12,14], [11,13], [10,14], [10,15], [10,16], [10,17], [10,18], [11,17], [11,18], [11,19], [12,19], [13,19], [13,20], [14,21], [15,21], [16,21], [17,22], [18,23], [18,24], [18,25], [18,26], [18,28], 
# Episode 74 (Goal)
[28,4], [28,5], [27,6], [26,6], [25,6], [24,6], [23,6], [23,7], [22,7], [21,7], [20,7], [20,8], [19,8], [19,9], [18,9], [17,8], [17,9], [16,9], [15,10], [14,11], [13,12], [13,13], [12,14], [12,13], [11,14], [10,15], [10,16], [10,17], [11,18], [12,18], [12,19], [13,20], [14,21], [15,21], [16,21], [17,22], [18,23], [18,24], [18,25], [18,26], [18,28], 
# Episode 75 (Collision)
[28,4], [28,5], [27,6], [26,6], [25,6], [24,6], [23,6], [23,7], [22,7], [21,7], [20,7], [20,8], [19,8], [19,9], [18,9], [17,8], [17,9], [16,9], [15,10], [14,11], [13,12], [13,13], [12,14], [13,15], 
# Episode 76 (Goal)
[28,4], [28,5], [27,6], [26,6], [25,6], [24,6], [23,6], [23,7], [22,7], [21,7], [20,7], [20,8], [19,8], [19,9], [18,9], [17,8], [17,9], [16,9], [15,10], [14,11], [13,12], [13,13], [13,14], [13,15], [13,16], [13,17], [13,18], [13,19], [14,20], [15,21], [16,21], [17,22], [18,23], [18,24], [18,25], [18,26], [18,28], 
# Episode 77 (Goal)
[28,4], [28,5], [27,6], [26,6], [25,6], [24,6], [23,6], [23,7], [22,7], [21,7], [20,7], [20,8], [19,8], [19,9], [18,9], [17,8], [17,9], [16,9], [15,10], [14,11], [13,12], [13,13], [13,14], [13,15], [13,16], [13,17], [13,18], [14,19], [14,20], [15,21], [16,21], [17,22], [18,23], [18,24], [18,25], [18,26], [18,28], 
# Episode 78 (Goal)
[28,4], [28,5], [27,6], [26,6], [25,6], [24,6], [23,6], [23,7], [22,7], [21,7], [20,7], [20,8], [19,8], [19,9], [18,9], [17,8], [17,9], [16,9], [15,10], [14,11], [13,12], [13,13], [13,14], [13,15], [13,16], [13,17], [13,18], [14,19], [14,20], [15,21], [16,21], [17,22], [18,23], [18,24], [18,25], [18,26], [18,28], 
# Episode 79 (Goal)
[28,4], [28,5], [27,6], [26,6], [25,6], [24,6], [23,6], [23,7], [22,7], [21,7], [20,7], [20,8], [19,8], [19,9], [18,9], [17,8], [17,9], [16,9], [15,10], [14,11], [13,12], [13,13], [13,14], [13,15], [13,16], [13,17], [13,18], [14,19], [14,20], [15,21], [16,21], [17,22], [18,23], [18,24], [18,25], [18,26], [18,28], 
# Episode 80 (Goal)
[28,4], [28,5], [27,6], [26,6], [25,6], [24,6], [23,6], [23,7], [22,7], [21,7], [20,7], [20,8], [19,8], [19,9], [18,9], [17,8], [17,9], [16,9], [15,10], [14,11], [13,12], [13,13], [13,14], [13,15], [13,16], [13,17], [13,18], [14,19], [14,20], [15,21], [16,21], [17,22], [18,23], [18,24], [18,25], [18,26], [18,28], 
# Episode 81 (Goal)
[28,4], [28,5], [27,6], [26,6], [25,6], [24,6], [23,6], [23,7], [22,7], [21,7], [20,7], [20,8], [19,8], [19,9], [18,9], [17,8], [17,9], [16,9], [15,10], [14,11], [13,12], [13,13], [13,14], [13,15], [13,16], [13,17], [13,18], [14,19], [14,20], [15,21], [16,21], [17,22], [18,23], [18,24], [18,25], [18,26], [18,28], 
# Episode 82 (Goal)
[28,4], [28,5], [27,6], [26,6], [25,6], [24,6], [23,6], [23,7], [22,7], [21,7], [20,7], [20,8], [19,8], [19,9], [18,9], [17,8], [17,9], [16,9], [15,10], [14,11], [13,12], [13,13], [13,14], [13,15], [13,16], [13,17], [13,18], [14,19], [14,20], [15,21], [16,21], [17,22], [18,23], [18,24], [18,25], [18,26], [18,28], 
# Episode 83 (Goal)
[28,4], [28,5], [27,6], [26,6], [25,6], [24,6], [23,6], [23,7], [22,7], [21,7], [20,7], [20,8], [19,8], [19,9], [18,9], [17,8], [17,9], [16,9], [15,10], [14,11], [13,12], [13,13], [12,14], [12,15], [12,14], [13,15], [13,16], [13,17], [13,18], [13,19], [14,20], [15,21], [16,21], [17,22], [18,23], [18,24], [18,25], [18,26], [18,28], 
# Episode 84 (Goal)
[28,4], [28,5], [27,6], [26,6], [25,6], [24,6], [23,6], [23,7], [22,7], [21,7], [20,7], [20,8], [19,8], [19,9], [18,9], [17,8], [17,9], [16,9], [15,10], [14,11], [13,12], [13,13], [13,14], [14,15], [14,16], [15,17], [15,18], [15,19], [16,20], [17,21], [18,22], [19,23], [18,24], [18,25], [18,26], [18,28], 
# Episode 85 (Goal)
[28,4], [28,5], [27,6], [26,6], [25,6], [24,6], [23,6], [23,7], [22,7], [21,7], [20,7], [20,8], [19,8], [19,9], [18,9], [17,8], [17,9], [16,9], [15,10], [14,11], [13,12], [13,13], [12,13], [11,14], [10,15], [10,16], [10,17], [11,18], [12,18], [12,19], [13,19], [13,20], [14,21], [15,21], [16,21], [17,22], [18,23], [18,24], [18,25], [18,26], [18,28], 
# Episode 86 (Goal)
[28,4], [28,5], [27,6], [26,6], [25,6], [24,6], [23,6], [23,7], [22,7], [21,7], [20,7], [20,8], [19,8], [19,9], [18,9], [17,8], [17,9], [16,9], [15,10], [14,11], [13,12], [13,13], [13,14], [12,15], [12,16], [11,17], [12,18], [13,18], [14,19], [14,20], [15,21], [16,21], [17,22], [18,23], [18,24], [18,25], [18,26], [18,28], 
# Episode 87 (Goal)
[28,4], [28,5], [27,6], [26,6], [25,6], [24,6], [23,6], [23,7], [22,7], [21,7], [20,7], [20,8], [19,8], [19,9], [18,9], [17,8], [17,9], [16,9], [15,10], [14,11], [13,12], [13,13], [12,13], [11,14], [10,15], [10,16], [10,17], [11,18], [12,18], [12,19], [13,20], [14,21], [15,21], [16,21], [17,22], [18,23], [18,24], [18,25], [18,26], [18,28], 
# Episode 88 (Trapped)
[28,4], [28,5], [27,6], [26,6], [25,6], [24,6], [23,6], [23,7], [22,7], [21,7], [20,7], [20,8], [19,8], [19,9], [18,9], [17,8], [17,9], [16,9], [15,10], [14,11], [13,12], [13,13], [12,13], [11,13], [10,14], [9,14], [8,15], [8,16], [8,17], [8,18], [8,19], [9,19], [8,19], [9,19], [8,19], 
# Episode 89 (Goal)
[28,4], [28,5], [27,6], [26,6], [25,6], [24,6], [23,6], [23,7], [22,7], [21,7], [20,7], [20,8], [19,8], [19,9], [18,9], [17,8], [17,9], [16,9], [15,10], [14,11], [13,12], [13,13], [12,14], [12,15], [12,16], [13,17], [14,18], [15,18], [15,19], [16,20], [17,21], [18,22], [19,23], [18,24], [18,25], [18,26], [18,28], 
# Episode 90 (Goal)
[28,4], [28,5], [27,6], [26,6], [25,6], [24,6], [23,6], [23,7], [22,7], [21,7], [20,7], [20,8], [19,8], [19,9], [18,9], [17,8], [17,9], [16,9], [15,10], [14,11], [13,12], [13,13], [13,14], [13,15], [13,16], [13,17], [13,18], [14,19], [14,20], [15,21], [16,21], [17,22], [18,23], [18,24], [18,25], [18,26], [18,28], 
# Episode 91 (Goal)
[28,4], [28,5], [27,6], [26,6], [25,6], [24,6], [23,6], [23,7], [22,7], [21,7], [20,7], [20,8], [19,8], [19,9], [18,9], [17,8], [17,9], [16,9], [15,10], [14,11], [13,12], [13,13], [13,14], [13,15], [13,16], [13,17], [13,18], [14,19], [14,20], [15,21], [16,21], [17,22], [18,23], [18,24], [18,25], [18,26], [18,28], 
# Episode 92 (Goal)
[28,4], [28,5], [27,6], [26,6], [25,6], [24,6], [23,6], [23,7], [22,7], [21,7], [20,7], [20,8], [19,8], [19,9], [18,9], [17,8], [17,9], [16,9], [15,10], [14,11], [13,12], [13,13], [13,14], [13,15], [13,16], [13,17], [13,18], [14,19], [14,20], [15,21], [16,21], [17,22], [18,23], [18,24], [18,25], [18,26], [18,28], 
# Episode 93 (Goal)
[28,4], [28,5], [27,6], [26,6], [25,6], [24,6], [23,6], [23,7], [22,7], [21,7], [20,7], [20,8], [19,8], [19,9], [18,9], [17,8], [17,9], [16,9], [15,10], [14,11], [13,12], [13,13], [13,14], [13,15], [13,16], [13,17], [13,18], [14,19], [14,20], [15,21], [16,21], [17,22], [18,23], [18,24], [18,25], [18,26], [18,28], 
# Episode 94 (Goal)
[28,4], [28,5], [27,6], [26,6], [25,6], [24,6], [23,6], [23,7], [22,7], [21,7], [20,7], [20,8], [19,8], [19,9], [18,9], [17,8], [17,9], [16,9], [15,10], [14,11], [13,12], [13,13], [13,14], [13,15], [13,16], [13,17], [13,18], [14,19], [14,20], [15,21], [16,21], [17,22], [18,23], [18,24], [18,25], [18,26], [18,28], 
# Episode 95 (Goal)
[28,4], [28,5], [27,6], [26,6], [25,6], [24,6], [23,6], [23,7], [22,7], [21,7], [20,7], [20,8], [19,8], [19,9], [18,9], [17,8], [17,9], [16,9], [15,10], [14,11], [13,12], [13,13], [12,14], [12,15], [12,16], [13,17], [14,18], [15,18], [15,19], [16,20], [17,21], [18,22], [19,23], [18,24], [18,25], [18,26], [18,28], 
# Episode 96 (Goal)
[28,4], [28,5], [27,6], [26,6], [25,6], [24,6], [23,6], [23,7], [22,7], [21,7], [20,7], [20,8], [19,8], [19,9], [18,9], [17,8], [17,9], [16,9], [15,10], [14,11], [13,12], [13,13], [13,14], [14,15], [14,16], [14,17], [14,18], [15,18], [15,19], [16,20], [17,21], [18,22], [19,23], [18,24], [18,25], [18,26], [18,28], 
# Episode 97 (Collision)
[28,4], [28,5], [27,6], [26,6], [25,6], [24,6], [23,6], [23,7], [22,7], [21,7], [20,7], [20,8], [19,8], [19,9], [18,9], [17,8], [17,9], [16,9], [15,10], [14,11], [13,12], [13,13], [12,13], [11,13], [12,14], [13,15], 
# Episode 98 (Goal)
[28,4], [28,5], [27,6], [26,6], [25,6], [24,6], [23,6], [23,7], [22,7], [21,7], [20,7], [20,8], [19,8], [19,9], [18,9], [17,8], [17,9], [16,9], [15,10], [14,11], [13,12], [13,13], [13,14], [12,13], [11,14], [11,15], [11,16], [11,17], [12,18], [13,18], [14,19], [14,20], [15,21], [16,21], [17,22], [18,23], [18,24], [18,25], [18,26], [18,28], 
# Episode 99 (Trapped)
[28,4], [28,5], [27,6], [26,6], [25,6], [24,6], [23,6], [23,7], [22,7], [21,7], [20,7], [20,8], [19,8], [19,9], [18,9], [17,8], [17,9], [16,9], [15,10], [14,11], [13,12], [13,13], [13,14], [13,13], [13,14], [13,13], 
# Episode 100 (Goal)
[28,4], [28,5], [27,6], [26,6], [25,6], [24,6], [23,6], [23,7], [22,7], [21,7], [20,7], [20,8], [19,8], [19,9], [18,9], [17,8], [17,9], [16,9], [15,10], [14,11], [13,12], [13,13], [12,13], [11,14], [10,15], [10,16], [10,17], [11,18], [12,18], [12,19], [13,20], [14,21], [15,21], [16,21], [17,22], [18,23], [18,24], [18,25], [18,26], [18,28], 
