# Episode 1 (Trapped)
[28,4], [28,3], [27,2], [27,3], [27,4], [28,5], [27,6], [28,7], [28,6], [28,7], [27,6], [28,7], 
# Episode 2 (Trapped)
[28,4], [28,5], [28,6], [27,7], [26,8], [25,7], [24,8], [23,8], [22,8], [21,9], [20,10], [21,11], [20,10], [19,10], [19,9], [19,8], [18,9], [18,10], [17,9], [16,10], [15,10], [14,11], [13,12], [12,13], [13,14], [14,15], [14,16], [14,17], [14,18], [14,19], [14,18], [13,19], [12,19], [13,19], [12,18], [12,19], [13,19], 
# Episode 3 (Trapped)
[28,4], [28,3], [28,4], [27,3], [27,4], [26,3], [25,3], [26,3], [27,4], [27,5], [27,6], [27,7], [26,8], [25,7], [25,8], [24,9], [23,8], [22,8], [21,9], [20,10], [21,11], [20,10], [19,10], [19,9], [19,8], [18,9], [18,10], [17,9], [16,10], [15,10], [14,11], [13,12], [12,13], [11,14], [11,15], [11,16], [11,17], [11,18], [11,19], [11,20], [10,21], [9,22], [9,23], [8,22], [7,21], [7,22], [7,21], [7,20], [7,19], [7,20], [7,21], 
# Episode 4 (Collision)
[28,4], [28,5], [28,6], [27,7], [26,8], [25,7], [24,8], [23,8], [22,8], [21,9], [20,10], [21,11], [20,10], [19,10], [19,9], [19,8], [18,9], [18,10], [17,9], [16,10], [15,10], [14,11], [13,12], [12,13], [11,14], [11,15], 
# Episode 5 (Trapped)
[28,4], [27,3], [27,4], [28,5], [27,6], [28,7], [28,6], [28,7], [27,6], [28,7], [27,6], 
# Episode 6 (Trapped)
[28,4], [28,5], [28,6], [27,5], [27,6], [27,5], [27,6], [27,7], [26,8], [26,7], [26,8], [25,8], [24,9], [23,8], [22,8], [21,9], [20,10], [21,11], [20,10], [19,10], [19,9], [19,8], [18,9], [18,10], [17,9], [16,10], [15,10], [14,11], [13,12], [12,13], [11,14], [10,15], [9,16], [10,17], [11,18], [10,19], [9,20], [10,21], [9,20], [8,21], [7,22], [8,22], [7,22], [7,21], [7,20], [7,19], [7,20], [7,21], [7,22], 
# Episode 7 (Trapped)
[28,4], [28,5], [28,6], [27,5], [27,6], [27,5], [27,6], [27,7], [26,8], [26,7], [26,8], [25,8], [24,9], [23,8], [22,8], [21,9], [20,10], [21,11], [20,10], [19,10], [19,9], [19,8], [18,9], [18,10], [17,9], [16,10], [15,10], [14,11], [13,12], [12,13], [11,14], [12,15], [11,16], [12,17], [12,18], [11,19], [11,20], [10,19], [10,20], [9,21], [8,22], [9,23], [8,22], [7,22], [7,21], [7,20], [7,19], [7,20], [7,21], [7,22], [7,21], 
# Episode 8 (Collision)
[28,4], [28,5], [28,6], [27,7], [26,8], [25,7], [24,8], [23,8], [22,8], [21,9], [20,10], [21,11], [20,10], [19,10], [19,9], [19,8], [18,9], [18,10], [17,9], [16,10], [15,10], [14,11], [13,12], [12,13], [11,14], [12,15], [13,16], 
# Episode 9 (Collision)
[28,4], [28,3], [28,4], [27,5], [27,6], [26,7], [26,8], [25,7], [26,8], [25,8], [24,9], [23,8], [22,8], [21,9], [20,10], [21,11], [20,10], [19,10], [19,9], [19,8], [18,9], [18,10], [17,9], [16,10], [15,10], [14,11], [13,12], [12,13], [11,14], [11,15], 
# Episode 10 (Collision)
[28,4], [28,3], [28,4], [28,5], [27,6], [26,7], [26,8], [25,7], [26,8], [25,8], [24,9], [23,8], [22,8], [21,9], [20,10], [21,11], [20,10], [19,10], [19,9], [19,8], [18,9], [18,10], [17,9], [16,10], [15,10], [14,11], [13,12], [12,13], [11,14], [12,15], 
# Episode 11 (Trapped)
[28,4], [28,5], [27,6], [26,7], [26,8], [25,7], [26,8], [25,8], [24,9], [23,8], [22,8], [21,9], [20,10], [21,11], [20,10], [19,10], [19,9], [19,8], [18,9], [18,10], [17,9], [16,10], [15,10], [14,11], [13,12], [12,13], [13,14], [14,15], [14,16], [14,17], [14,18], [14,19], [14,18], [13,19], [12,18], [12,19], [11,18], [11,19], [11,20], [10,21], [9,22], [9,23], [8,22], [7,21], [7,22], [7,21], [7,20], [7,19], [7,20], [7,21], 
# Episode 12 (Trapped)
[28,4], [28,5], [28,6], [27,7], [26,8], [25,7], [24,8], [23,8], [22,8], [21,9], [20,10], [21,11], [20,10], [19,10], [19,9], [19,8], [18,9], [18,10], [17,9], [16,10], [15,10], [14,11], [13,12], [12,13], [13,14], [14,15], [14,16], [14,17], [14,18], [14,19], [14,18], [13,19], [12,19], [13,19], [12,18], [12,19], [13,19], 
# Episode 13 (Trapped)
[28,4], [28,3], [28,4], [27,3], [27,4], [26,3], [25,3], [26,3], [27,4], [27,5], [27,6], [27,7], [26,8], [25,7], [25,8], [24,9], [23,8], [22,8], [21,9], [20,10], [21,11], [20,10], [19,10], [19,9], [19,8], [18,9], [18,10], [17,9], [16,10], [15,10], [14,11], [13,12], [12,13], [13,14], [14,15], [14,16], [14,17], [14,18], [14,19], [14,18], [13,19], [12,19], [13,19], [12,18], [12,19], [13,19], 
# Episode 14 (Trapped)
[28,4], [28,3], [28,4], [27,3], [27,4], [26,3], [25,3], [26,3], [27,4], [27,5], [27,6], [27,7], [26,8], [25,7], [25,8], [24,9], [23,8], [22,8], [21,9], [20,10], [21,11], [20,10], [19,10], [19,9], [19,8], [18,9], [18,10], [17,9], [16,10], [15,10], [14,11], [13,12], [12,13], [13,14], [14,15], [14,16], [14,17], [14,18], [14,19], [14,18], [13,19], [12,19], [13,19], [12,18], [12,19], [13,19], 
# Episode 15 (Trapped)
[28,4], [28,3], [28,4], [27,3], [27,4], [26,3], [25,3], [26,3], [27,4], [27,5], [27,6], [27,7], [26,8], [25,7], [25,8], [24,9], [23,8], [22,8], [21,9], [20,10], [21,11], [20,10], [19,10], [19,9], [19,8], [18,9], [18,10], [17,9], [16,10], [15,10], [14,11], [13,12], [12,13], [11,14], [11,15], [11,16], [11,17], [11,18], [11,19], [11,20], [10,19], [11,20], [10,19], [10,20], [10,21], [10,20], [10,21], [10,22], [9,23], [8,22], [8,21], [8,22], [8,21], [8,22], 
# Episode 16 (Collision)
[28,4], [28,5], [28,6], [28,5], [27,4], [27,5], [27,6], [26,7], [26,8], [26,7], [26,8], [25,8], [24,9], [23,8], [22,8], [21,9], [20,10], [21,11], [20,10], [19,10], [19,9], [19,8], [18,9], [18,10], [17,9], [16,10], [15,10], [14,11], [13,12], [12,13], [11,14], [11,15], 
# Episode 17 (Collision)
[28,4], [28,5], [27,6], [26,7], [26,8], [25,7], [26,8], [25,8], [24,9], [23,8], [22,8], [21,9], [20,10], [21,11], [20,10], [19,10], [19,9], [19,8], [18,9], [18,10], [17,9], [16,10], [15,10], [14,11], [13,12], [12,13], [13,14], [12,15], 
# Episode 18 (Collision)
[28,4], [28,5], [28,6], [27,7], [26,8], [25,7], [24,8], [23,8], [22,8], [21,9], [20,10], [21,11], [20,10], [19,10], [19,9], [19,8], [18,9], [18,10], [17,9], [16,10], [15,10], [14,11], [13,12], [12,13], [11,14], [12,15], 
# Episode 19 (Collision)
[28,4], [28,5], [27,6], [26,7], [26,8], [25,7], [26,8], [25,8], [24,9], [23,8], [22,8], [21,9], [20,10], [21,11], [20,10], [19,10], [19,9], [19,8], [18,9], [18,10], [17,9], [16,10], [15,10], [14,11], [13,12], [12,13], [11,14], [12,15], 
# Episode 20 (Collision)
[28,4], [28,3], [28,4], [28,5], [27,6], [26,7], [26,8], [25,7], [26,8], [25,8], [24,9], [23,8], [22,8], [21,9], [20,10], [21,11], [20,10], [19,10], [19,9], [19,8], [18,9], [18,10], [17,9], [16,10], [15,10], [14,11], [13,12], [12,13], [11,14], [12,15], [13,16], 
# Episode 21 (Trapped)
[28,4], [28,3], [28,4], [27,5], [27,6], [26,7], [26,8], [25,7], [26,8], [25,8], [24,9], [23,8], [22,8], [21,9], [20,10], [21,11], [20,10], [19,10], [19,9], [19,8], [18,9], [18,10], [17,9], [16,10], [15,10], [14,11], [13,12], [12,13], [13,14], [12,15], [11,16], [12,17], [12,18], [11,19], [11,20], [10,19], [10,20], [10,21], [9,22], [9,21], [8,22], [8,21], [8,22], [8,21], [7,22], [8,22], 
# Episode 22 (Collision)
[28,4], [28,5], [28,6], [27,7], [26,8], [25,7], [24,8], [23,8], [22,8], [21,9], [20,10], [21,11], [20,10], [19,10], [19,9], [19,8], [18,9], [18,10], [17,9], [16,10], [15,10], [14,11], [13,12], [12,13], [12,14], [13,15], 
# Episode 23 (Collision)
[28,4], [27,5], [27,6], [26,7], [26,8], [25,7], [26,8], [25,8], [24,9], [23,8], [22,8], [21,9], [20,10], [21,11], [20,10], [19,10], [19,9], [19,8], [18,9], [18,10], [17,9], [16,10], [15,10], [14,11], [13,12], [12,13], [11,14], [11,15], 
# Episode 24 (Trapped)
[28,4], [27,5], [27,4], [27,5], [27,6], [27,7], [26,8], [25,7], [25,8], [24,9], [23,8], [22,8], [21,9], [20,10], [21,11], [20,10], [19,10], [19,9], [19,8], [18,9], [18,10], [17,9], [16,10], [15,10], [14,11], [13,12], [12,13], [13,14], [14,15], [14,16], [14,17], [14,18], [14,19], [14,18], [13,19], [12,18], [12,19], [11,18], [11,19], [11,20], [10,21], [9,22], [9,23], [8,22], [7,21], [7,22], [7,21], [7,20], [7,19], [7,20], [7,21], 
# Episode 25 (Trapped)
[28,4], [28,5], [28,6], [27,7], [26,8], [25,7], [24,8], [23,8], [22,8], [21,9], [20,10], [21,11], [20,10], [19,10], [19,9], [19,8], [18,9], [18,10], [17,9], [16,10], [15,10], [14,11], [13,12], [12,13], [13,14], [14,15], [14,16], [14,17], [14,18], [14,19], [14,18], [13,19], [12,19], [13,19], [12,18], [12,19], [13,19], 
# Episode 26 (Trapped)
[28,4], [28,3], [28,4], [27,3], [27,4], [26,3], [25,3], [26,3], [27,4], [27,5], [27,6], [27,7], [26,8], [25,7], [25,8], [24,9], [23,8], [22,8], [21,9], [20,10], [21,11], [20,10], [19,10], [19,9], [19,8], [18,9], [18,10], [17,9], [16,10], [15,10], [14,11], [13,12], [12,13], [13,14], [14,15], [14,16], [14,17], [14,18], [14,19], [14,18], [13,19], [12,19], [13,19], [12,18], [12,19], [13,19], 
# Episode 27 (Trapped)
[28,4], [28,3], [28,4], [27,3], [27,4], [26,3], [25,3], [26,3], [27,4], [27,5], [27,6], [27,7], [26,8], [25,7], [25,8], [24,9], [23,8], [22,8], [21,9], [20,10], [21,11], [20,10], [19,10], [19,9], [19,8], [18,9], [18,10], [17,9], [16,10], [15,10], [14,11], [13,12], [12,13], [11,14], [11,15], [11,16], [11,17], [11,18], [11,19], [11,20], [10,19], [10,20], [10,21], [10,22], [9,23], [8,22], [8,21], [8,22], [8,21], [8,22], 
# Episode 28 (Collision)
[28,4], [28,5], [28,6], [28,5], [27,4], [27,5], [27,6], [26,7], [26,8], [26,7], [26,8], [25,8], [24,9], [23,8], [22,8], [21,9], [20,10], [21,11], [20,10], [19,10], [19,9], [19,8], [18,9], [18,10], [17,9], [16,10], [15,10], [14,11], [13,12], [12,13], [11,14], [10,15], 
# Episode 29 (Trapped)
[28,4], [28,5], [28,6], [28,7], [28,6], [28,7], [27,6], [28,7], [27,6], [28,7], [27,6], 
# Episode 30 (Collision)
[28,4], [28,5], [28,6], [27,5], [27,6], [27,5], [27,6], [27,7], [26,8], [26,7], [26,8], [25,8], [24,9], [23,8], [22,8], [21,9], [20,10], [21,11], [20,10], [19,10], [19,9], [19,8], [18,9], [18,10], [17,9], [16,10], [15,10], [14,11], [13,12], [12,13], [11,14], [11,15], 
# Episode 31 (Collision)
[28,4], [28,5], [27,6], [26,7], [26,8], [25,7], [26,8], [25,8], [24,9], [23,8], [22,8], [21,9], [20,10], [21,11], [20,10], [19,10], [19,9], [19,8], [18,9], [18,10], [17,9], [16,10], [15,10], [14,11], [13,12], [12,13], [11,14], [11,15], 
# Episode 32 (Collision)
[28,4], [28,5], [27,6], [26,7], [26,8], [25,7], [26,8], [25,8], [24,9], [23,8], [22,8], [21,9], [20,10], [21,11], [20,10], [19,10], [19,9], [19,8], [18,9], [18,10], [17,9], [16,10], [15,10], [14,11], [13,12], [12,13], [11,14], [12,15], 
# Episode 33 (Collision)
[28,4], [28,3], [28,4], [28,5], [27,6], [26,7], [26,8], [25,7], [26,8], [25,8], [24,9], [23,8], [22,8], [21,9], [20,10], [21,11], [20,10], [19,10], [19,9], [19,8], [18,9], [18,10], [17,9], [16,10], [15,10], [14,11], [13,12], [12,13], [11,14], [12,15], 
# Episode 34 (Collision)
[28,4], [27,5], [27,4], [27,5], [28,6], [27,7], [26,8], [25,7], [25,8], [24,9], [23,8], [22,8], [21,9], [20,10], [21,11], [20,10], [19,10], [19,9], [19,8], [18,9], [18,10], [17,9], [16,10], [15,10], [14,11], [13,12], [12,13], [11,14], [12,15], [13,16], [14,17], 
# Episode 35 (Collision)
[28,4], [27,5], [27,4], [26,3], [25,3], [26,3], [27,4], [27,5], [27,6], [27,7], [26,8], [25,7], [25,8], [24,9], [23,8], [22,8], [21,9], [20,10], [21,11], [20,10], [19,10], [19,9], [19,8], [18,9], [18,10], [17,9], [16,10], [15,10], [14,11], [13,12], [12,13], [11,14], [12,15], 
# Episode 36 (Collision)
[28,4], [27,5], [27,6], [27,7], [26,8], [25,7], [25,8], [24,9], [23,8], [22,8], [21,9], [20,10], [21,11], [20,10], [19,10], [19,9], [19,8], [18,9], [18,10], [17,9], [16,10], [15,10], [14,11], [13,12], [12,13], [13,14], [12,15], 
# Episode 37 (Trapped)
[28,4], [27,3], [27,4], [28,5], [27,6], [28,7], [28,6], [28,7], [27,6], [28,7], [27,6], 
# Episode 38 (Collision)
[28,4], [28,5], [28,6], [27,5], [27,6], [27,5], [27,6], [27,7], [26,8], [26,7], [26,8], [25,8], [24,9], [23,8], [22,8], [21,9], [20,10], [21,11], [20,10], [19,10], [19,9], [19,8], [18,9], [18,10], [17,9], [16,10], [15,10], [14,11], [13,12], [12,13], [11,14], [11,15], 
# Episode 39 (Trapped)
[28,4], [27,5], [27,4], [27,5], [27,6], [27,7], [26,8], [25,7], [25,8], [24,9], [23,8], [22,8], [21,9], [20,10], [21,11], [20,10], [19,10], [19,9], [19,8], [18,9], [18,10], [17,9], [16,10], [15,10], [14,11], [13,12], [12,13], [13,14], [14,15], [14,16], [14,17], [14,18], [14,19], [14,18], [13,19], [12,19], [13,19], [12,18], [12,19], [11,20], [10,19], [11,20], [10,19], [10,20], [10,21], [10,20], [10,21], [10,22], [9,23], [8,22], [8,21], [8,22], [8,21], [8,22], 
# Episode 40 (Trapped)
[28,4], [28,5], [28,6], [28,5], [27,4], [27,5], [27,6], [26,7], [26,8], [26,7], [26,8], [25,8], [24,9], [23,8], [22,8], [21,9], [20,10], [21,11], [20,10], [19,10], [19,9], [19,8], [18,9], [18,10], [17,9], [16,10], [15,10], [14,11], [13,12], [12,13], [11,14], [11,15], [11,16], [11,17], [11,18], [11,19], [11,20], [10,19], [10,20], [10,21], [10,22], [9,23], [8,22], [8,21], [8,22], [8,21], [8,22], 
# Episode 41 (Trapped)
[28,4], [28,5], [28,6], [28,5], [27,4], [27,5], [27,6], [26,7], [26,8], [26,7], [26,8], [25,8], [24,9], [23,8], [22,8], [21,9], [20,10], [21,11], [20,10], [19,10], [19,9], [19,8], [18,9], [18,10], [17,9], [16,10], [15,10], [14,11], [13,12], [12,13], [11,14], [12,15], [13,16], [13,17], [13,18], [13,19], [12,19], [13,19], [12,19], [11,20], [11,19], [11,20], [10,21], [10,22], [9,21], [9,22], [8,21], [8,22], [8,21], [7,22], [8,22], [9,22], [9,21], [9,22], 
# Episode 42 (Trapped)
[28,4], [28,5], [28,6], [27,5], [27,4], [27,5], [27,6], [27,7], [26,8], [25,7], [25,8], [24,9], [23,8], [22,8], [21,9], [20,10], [21,11], [20,10], [19,10], [19,9], [19,8], [18,9], [18,10], [17,9], [16,10], [15,10], [14,11], [13,12], [12,13], [11,14], [10,15], [10,16], [10,17], [10,18], [10,19], [10,20], [10,21], [10,22], [9,23], [9,22], [8,22], [7,22], [7,21], [7,20], [6,19], [6,18], [6,17], [5,17], [5,16], [5,15], [5,14], [4,15], [3,15], [3,14], [3,13], [3,14], [2,13], [2,12], [2,13], [3,14], 
# Episode 43 (Collision)
[28,4], [28,5], [28,6], [28,5], [27,4], [27,5], [27,6], [26,7], [26,8], [26,7], [26,8], [25,8], [24,9], [23,8], [22,8], [21,9], [20,10], [21,11], [20,10], [19,10], [19,9], [19,8], [18,9], [18,10], [17,9], [16,10], [15,10], [14,11], [13,12], [12,13], [11,14], [11,15], 
# Episode 44 (Collision)
[28,4], [27,3], [26,3], [25,3], [26,3], [27,4], [27,5], [27,6], [27,7], [26,8], [25,7], [25,8], [24,9], [23,8], [22,8], [21,9], [20,10], [21,11], [20,10], [19,10], [19,9], [19,8], [18,9], [18,10], [17,9], [16,10], [15,10], [14,11], [13,12], [12,13], [11,14], [12,15], 
# Episode 45 (Collision)
[28,4], [28,5], [27,6], [26,7], [26,8], [25,7], [26,8], [25,8], [24,9], [23,8], [22,8], [21,9], [20,10], [21,11], [20,10], [19,10], [19,9], [19,8], [18,9], [18,10], [17,9], [16,10], [15,10], [14,11], [13,12], [12,13], [12,14], [13,15], 
# Episode 46 (Collision)
[28,4], [27,5], [27,6], [26,7], [26,8], [25,7], [26,8], [25,8], [24,9], [23,8], [22,8], [21,9], [20,10], [21,11], [20,10], [19,10], [19,9], [19,8], [18,9], [18,10], [17,9], [16,10], [15,10], [14,11], [13,12], [12,13], [11,14], [12,15], 
# Episode 47 (Trapped)
[28,4], [27,5], [27,6], [27,7], [26,8], [25,7], [25,8], [24,9], [23,8], [22,8], [21,9], [20,10], [21,11], [20,10], [19,10], [19,9], [19,8], [18,9], [18,10], [17,9], [16,10], [15,10], [14,11], [13,12], [12,13], [11,14], [11,15], [11,16], [11,17], [11,18], [11,19], [11,20], [10,19], [10,20], [10,21], [9,22], [9,23], [8,22], [7,22], [7,21], [7,20], [7,19], [7,20], [7,21], [7,22], [7,21], 
# Episode 48 (Collision)
[28,4], [28,5], [28,6], [27,7], [26,8], [25,7], [24,8], [23,8], [22,8], [21,9], [20,10], [21,11], [20,10], [19,10], [19,9], [19,8], [18,9], [18,10], [17,9], [16,10], [15,10], [14,11], [13,12], [12,13], [11,14], [12,15], 
# Episode 49 (Collision)
[28,4], [27,5], [27,6], [27,7], [26,8], [25,7], [25,8], [24,9], [23,8], [22,8], [21,9], [20,10], [21,11], [20,10], [19,10], [19,9], [19,8], [18,9], [18,10], [17,9], [16,10], [15,10], [14,11], [13,12], [12,13], [12,14], [13,15], 
# Episode 50 (Collision)
[28,4], [27,5], [27,6], [26,7], [26,8], [25,7], [26,8], [25,8], [24,9], [23,8], [22,8], [21,9], [20,10], [21,11], [20,10], [19,10], [19,9], [19,8], [18,9], [18,10], [17,9], [16,10], [15,10], [14,11], [13,12], [12,13], [11,14], [12,15], 
# Episode 51 (Collision)
[28,4], [28,5], [27,6], [26,7], [26,8], [25,7], [26,8], [25,8], [24,9], [23,8], [22,8], [21,9], [20,10], [21,11], [20,10], [19,10], [19,9], [19,8], [18,9], [18,10], [17,9], [16,10], [15,10], [14,11], [13,12], [12,13], [11,14], [11,15], 
# Episode 52 (Collision)
[28,4], [27,3], [26,3], [25,3], [26,3], [27,4], [27,5], [27,6], [27,7], [26,8], [25,7], [25,8], [24,9], [23,8], [22,8], [21,9], [20,10], [21,11], [20,10], [19,10], [19,9], [19,8], [18,9], [18,10], [17,9], [16,10], [15,10], [14,11], [13,12], [12,13], [11,14], [10,15], 
# Episode 53 (Trapped)
[28,4], [27,3], [27,4], [28,5], [27,6], [28,7], [28,6], [28,7], [27,6], [28,7], [27,6], 
# Episode 54 (Trapped)
[28,4], [28,5], [28,6], [27,5], [27,6], [27,5], [27,6], [27,7], [26,8], [26,7], [26,8], [25,8], [24,9], [23,8], [22,8], [21,9], [20,10], [21,11], [20,10], [19,10], [19,9], [19,8], [18,9], [18,10], [17,9], [16,10], [15,10], [14,11], [13,12], [12,13], [11,14], [10,15], [10,16], [9,17], [9,18], [9,19], [9,20], [10,21], [9,22], [8,21], [8,22], [7,22], [7,21], [7,20], [7,19], [7,20], [7,21], [7,22], [7,21], 
# Episode 55 (Trapped)
[28,4], [28,5], [28,6], [27,7], [26,8], [25,7], [24,8], [23,8], [22,8], [21,9], [20,10], [21,11], [20,10], [19,10], [19,9], [19,8], [18,9], [18,10], [17,9], [16,10], [15,10], [14,11], [13,12], [12,13], [11,14], [12,15], [13,16], [13,17], [13,18], [13,19], [12,19], [13,19], [12,19], [11,20], [11,19], [11,20], [10,21], [10,22], [9,21], [9,22], [8,21], [8,22], [8,21], [7,22], [8,22], [9,22], [9,21], [9,22], 
# Episode 56 (Trapped)
[28,4], [28,5], [28,6], [27,5], [27,4], [27,5], [27,6], [27,7], [26,8], [25,7], [25,8], [24,9], [23,8], [22,8], [21,9], [20,10], [21,11], [20,10], [19,10], [19,9], [19,8], [18,9], [18,10], [17,9], [16,10], [15,10], [14,11], [13,12], [12,13], [11,14], [11,15], [11,16], [11,17], [11,18], [11,19], [11,20], [10,19], [10,20], [10,21], [9,22], [9,23], [8,22], [7,22], [7,21], [7,20], [7,19], [7,20], [7,21], [7,22], [7,21], 
# Episode 57 (Trapped)
[28,4], [28,5], [28,6], [27,7], [26,8], [25,7], [24,8], [23,8], [22,8], [21,9], [20,10], [21,11], [20,10], [19,10], [19,9], [19,8], [18,9], [18,10], [17,9], [16,10], [15,10], [14,11], [13,12], [12,13], [13,14], [14,15], [14,16], [14,17], [14,18], [14,19], [14,18], [13,19], [12,18], [12,19], [11,18], [11,19], [11,20], [10,21], [9,22], [9,23], [8,22], [7,21], [7,22], [7,21], [7,20], [7,19], [7,20], [7,21], 
# Episode 58 (Collision)
[28,4], [28,5], [28,6], [27,7], [26,8], [25,7], [24,8], [23,8], [22,8], [21,9], [20,10], [21,11], [20,10], [19,10], [19,9], [19,8], [18,9], [18,10], [17,9], [16,10], [15,10], [14,11], [13,12], [12,13], [11,14], [11,15], 
# Episode 59 (Collision)
[28,4], [28,5], [27,4], [27,5], [27,6], [26,7], [26,8], [26,7], [26,8], [25,8], [24,9], [23,8], [22,8], [21,9], [20,10], [21,11], [20,10], [19,10], [19,9], [19,8], [18,9], [18,10], [17,9], [16,10], [15,10], [14,11], [13,12], [12,13], [13,14], [12,15], 
# Episode 60 (Trapped)
[28,4], [27,3], [27,4], [28,5], [27,6], [28,7], [28,6], [28,7], [27,6], [28,7], [27,6], 
# Episode 61 (Trapped)
[28,4], [28,5], [28,6], [27,5], [27,6], [27,5], [27,6], [27,7], [26,8], [26,7], [26,8], [25,8], [24,9], [23,8], [22,8], [21,9], [20,10], [21,11], [20,10], [19,10], [19,9], [19,8], [18,9], [18,10], [17,9], [16,10], [15,10], [14,11], [13,12], [12,13], [11,14], [11,15], [11,16], [11,17], [11,18], [11,19], [11,20], [10,19], [10,20], [10,21], [9,22], [9,23], [8,22], [7,22], [7,21], [7,20], [7,19], [7,20], [7,21], [7,22], [7,21], 
# Episode 62 (Collision)
[28,4], [28,5], [28,6], [27,7], [26,8], [25,7], [24,8], [23,8], [22,8], [21,9], [20,10], [21,11], [20,10], [19,10], [19,9], [19,8], [18,9], [18,10], [17,9], [16,10], [15,10], [14,11], [13,12], [12,13], [11,14], [12,15], 
# Episode 63 (Collision)
[28,4], [27,5], [27,4], [27,5], [28,6], [27,7], [26,8], [25,7], [25,8], [24,9], [23,8], [22,8], [21,9], [20,10], [21,11], [20,10], [19,10], [19,9], [19,8], [18,9], [18,10], [17,9], [16,10], [15,10], [14,11], [13,12], [12,13], [11,14], [11,15], 
# Episode 64 (Collision)
[28,4], [28,3], [28,4], [28,5], [27,6], [26,7], [26,8], [25,7], [26,8], [25,8], [24,9], [23,8], [22,8], [21,9], [20,10], [21,11], [20,10], [19,10], [19,9], [19,8], [18,9], [18,10], [17,9], [16,10], [15,10], [14,11], [13,12], [12,13], [11,14], [11,15], 
# Episode 65 (Collision)
[28,4], [28,5], [27,6], [26,7], [26,8], [25,7], [26,8], [25,8], [24,9], [23,8], [22,8], [21,9], [20,10], [21,11], [20,10], [19,10], [19,9], [19,8], [18,9], [18,10], [17,9], [16,10], [15,10], [14,11], [13,12], [12,13], [11,14], [11,15], 
# Episode 66 (Collision)
[28,4], [28,5], [27,6], [26,7], [26,8], [25,7], [26,8], [25,8], [24,9], [23,8], [22,8], [21,9], [20,10], [21,11], [20,10], [19,10], [19,9], [19,8], [18,9], [18,10], [17,9], [16,10], [15,10], [14,11], [13,12], [12,13], [11,14], [10,15], 
# Episode 67 (Trapped)
[28,4], [28,5], [28,6], [27,5], [27,4], [27,5], [27,6], [27,7], [26,8], [25,7], [25,8], [24,9], [23,8], [22,8], [21,9], [20,10], [21,11], [20,10], [19,10], [19,9], [19,8], [18,9], [18,10], [17,9], [16,10], [15,10], [14,11], [13,12], [12,13], [11,14], [10,15], [10,16], [10,17], [10,18], [10,19], [10,20], [10,21], [10,22], [9,23], [9,22], [8,22], [7,22], [7,21], [7,20], [6,19], [7,20], [7,19], [7,20], 
# Episode 68 (Trapped)
[28,4], [28,5], [27,6], [26,7], [26,8], [25,7], [26,8], [25,8], [24,9], [23,8], [22,8], [21,9], [20,10], [21,11], [20,10], [19,10], [19,9], [19,8], [18,9], [18,10], [17,9], [16,10], [15,10], [14,11], [13,12], [12,13], [11,14], [11,15], [11,16], [11,17], [11,18], [11,19], [11,20], [10,19], [10,20], [10,21], [9,22], [9,23], [8,22], [7,22], [7,21], [7,20], [7,19], [7,20], [7,21], [7,22], [7,21], 
# Episode 69 (Trapped)
[28,4], [28,5], [28,6], [27,7], [26,8], [25,7], [24,8], [23,8], [22,8], [21,9], [20,10], [21,11], [20,10], [19,10], [19,9], [19,8], [18,9], [18,10], [17,9], [16,10], [15,10], [14,11], [13,12], [12,13], [13,14], [14,15], [14,16], [14,17], [14,18], [14,19], [14,18], [13,19], [12,19], [13,19], [12,18], [12,19], [13,19], 
# Episode 70 (Trapped)
[28,4], [28,3], [28,4], [27,3], [27,4], [26,3], [25,3], [26,3], [27,4], [27,5], [27,6], [27,7], [26,8], [25,7], [25,8], [24,9], [23,8], [22,8], [21,9], [20,10], [21,11], [20,10], [19,10], [19,9], [19,8], [18,9], [18,10], [17,9], [16,10], [15,10], [14,11], [13,12], [12,13], [11,14], [11,15], [11,16], [11,17], [11,18], [11,19], [11,20], [10,21], [9,22], [9,23], [8,22], [7,21], [7,22], [7,21], [7,20], [7,19], [7,20], [7,21], 
# Episode 71 (Goal)
[28,4], [28,5], [28,6], [27,7], [26,8], [25,7], [24,8], [23,8], [22,8], [21,9], [20,10], [21,11], [20,10], [19,10], [19,9], [19,8], [18,9], [18,10], [17,9], [16,10], [15,10], [14,11], [13,12], [12,13], [13,14], [14,15], [14,16], [14,17], [14,18], [14,19], [15,20], [15,21], [15,22], [16,22], [15,21], [15,22], [16,22], [17,22], [18,23], [18,24], [17,25], [16,26], [16,27], [18,28], 
# Episode 72 (Trapped)
[28,4], [28,5], [28,6], [28,7], [28,6], [28,7], [27,6], [28,7], [27,6], [28,7], [27,6], 
# Episode 73 (Collision)
[28,4], [28,5], [28,6], [27,5], [27,6], [27,5], [27,6], [27,7], [26,8], [26,7], [26,8], [25,8], [24,9], [23,8], [22,8], [21,9], [20,10], [21,11], [20,10], [19,10], [19,9], [19,8], [18,9], [18,10], [17,9], [16,10], [15,10], [14,11], [13,12], [12,13], [13,14], [12,15], 
# Episode 74 (Trapped)
[28,4], [27,3], [27,4], [28,5], [27,6], [28,7], [28,6], [28,7], [27,6], [28,7], [27,6], 
# Episode 75 (Trapped)
[28,4], [28,5], [28,6], [27,5], [27,6], [27,5], [27,6], [27,7], [26,8], [26,7], [26,8], [25,8], [24,9], [23,8], [22,8], [21,9], [20,10], [21,11], [20,10], [19,10], [19,9], [19,8], [18,9], [18,10], [17,9], [16,10], [15,10], [14,11], [13,12], [12,13], [13,14], [12,15], [11,16], [12,17], [12,18], [11,19], [11,20], [10,19], [10,20], [9,21], [8,22], [9,23], [8,22], [7,22], [7,21], [7,20], [7,19], [7,20], [7,21], [7,22], [7,21], 
# Episode 76 (Collision)
[28,4], [28,5], [28,6], [27,7], [26,8], [25,7], [24,8], [23,8], [22,8], [21,9], [20,10], [21,11], [20,10], [19,10], [19,9], [19,8], [18,9], [18,10], [17,9], [16,10], [15,10], [14,11], [13,12], [12,13], [11,14], [12,15], 
# Episode 77 (Collision)
[28,4], [28,3], [28,4], [28,5], [27,6], [26,7], [26,8], [25,7], [26,8], [25,8], [24,9], [23,8], [22,8], [21,9], [20,10], [21,11], [20,10], [19,10], [19,9], [19,8], [18,9], [18,10], [17,9], [16,10], [15,10], [14,11], [13,12], [12,13], [11,14], [12,15], 
# Episode 78 (Collision)
[28,4], [28,5], [28,6], [27,5], [27,6], [27,5], [27,6], [27,7], [26,8], [26,7], [26,8], [25,8], [24,9], [23,8], [22,8], [21,9], [20,10], [21,11], [20,10], [19,10], [19,9], [19,8], [18,9], [18,10], [17,9], [16,10], [15,10], [14,11], [13,12], [12,13], [13,14], [12,15], 
# Episode 79 (Collision)
[28,4], [28,5], [27,6], [28,7], [27,6], [27,7], [26,8], [26,7], [25,8], [24,9], [23,8], [22,8], [21,9], [20,10], [21,11], [20,10], [19,10], [19,9], [19,8], [18,9], [18,10], [17,9], [16,10], [15,10], [14,11], [13,12], [12,13], [11,14], [11,15], 
# Episode 80 (Trapped)
[28,4], [28,5], [27,6], [26,7], [26,8], [25,7], [26,8], [25,8], [24,9], [23,8], [22,8], [21,9], [20,10], [21,11], [20,10], [19,10], [19,9], [19,8], [18,9], [18,10], [17,9], [16,10], [15,10], [14,11], [13,12], [12,13], [11,14], [11,15], [11,16], [11,17], [10,18], [10,19], [11,20], [10,21], [9,22], [9,21], [9,22], [8,21], [8,22], [7,22], [7,21], [7,20], [7,19], [7,20], [7,21], [7,22], [7,21], 
# Episode 81 (Trapped)
[28,4], [28,5], [28,6], [27,7], [26,8], [25,7], [24,8], [23,8], [22,8], [21,9], [20,10], [21,11], [20,10], [19,10], [19,9], [19,8], [18,9], [18,10], [17,9], [16,10], [15,10], [14,11], [13,12], [12,13], [13,14], [14,15], [14,16], [14,17], [14,18], [14,19], [14,18], [13,19], [12,19], [13,19], [12,18], [12,19], [13,19], 
# Episode 82 (Trapped)
[28,4], [28,3], [28,4], [27,3], [27,4], [26,3], [25,3], [26,3], [27,4], [27,5], [27,6], [27,7], [26,8], [25,7], [25,8], [24,9], [23,8], [22,8], [21,9], [20,10], [21,11], [20,10], [19,10], [19,9], [19,8], [18,9], [18,10], [17,9], [16,10], [15,10], [14,11], [13,12], [12,13], [13,14], [14,15], [14,16], [14,17], [14,18], [14,19], [14,18], [13,19], [12,19], [13,19], [12,18], [12,19], [13,19], 
# Episode 83 (Trapped)
[28,4], [28,3], [28,4], [27,3], [27,4], [26,3], [25,3], [26,3], [27,4], [27,5], [27,6], [27,7], [26,8], [25,7], [25,8], [24,9], [23,8], [22,8], [21,9], [20,10], [21,11], [20,10], [19,10], [19,9], [19,8], [18,9], [18,10], [17,9], [16,10], [15,10], [14,11], [13,12], [12,13], [13,14], [14,15], [14,16], [14,17], [14,18], [14,19], [14,18], [13,19], [12,19], [13,19], [12,18], [12,19], [13,19], 
# Episode 84 (Collision)
[28,4], [28,3], [28,4], [27,3], [27,4], [26,3], [25,3], [26,3], [27,4], [27,5], [27,6], [27,7], [26,8], [25,7], [25,8], [24,9], [23,8], [22,8], [21,9], [20,10], [21,11], [20,10], [19,10], [19,9], [19,8], [18,9], [18,10], [17,9], [16,10], [15,10], [14,11], [13,12], [12,13], [11,14], [11,15], [11,16], 
# Episode 85 (Collision)
[28,4], [28,5], [27,6], [26,7], [26,8], [25,7], [26,8], [25,8], [24,9], [23,8], [22,8], [21,9], [20,10], [21,11], [20,10], [19,10], [19,9], [19,8], [18,9], [18,10], [17,9], [16,10], [15,10], [14,11], [13,12], [12,13], [11,14], [11,15], 
# Episode 86 (Collision)
[28,4], [27,5], [27,6], [26,7], [26,8], [25,7], [26,8], [25,8], [24,9], [23,8], [22,8], [21,9], [20,10], [21,11], [20,10], [19,10], [19,9], [19,8], [18,9], [18,10], [17,9], [16,10], [15,10], [14,11], [13,12], [12,13], [13,14], [13,15], 
# Episode 87 (Collision)
[28,4], [28,5], [27,6], [27,7], [26,8], [25,7], [24,8], [23,7], [22,6], [23,7], [22,6], [21,7], [20,8], [20,7], [19,8], [18,9], [17,10], [16,9], [16,10], [15,10], [14,11], [13,12], [12,13], [11,14], [11,15], [11,16], [12,17], 
# Episode 88 (Collision)
[28,4], [27,5], [27,4], [26,3], [25,3], [26,3], [27,4], [27,5], [27,6], [27,7], [26,8], [25,7], [25,8], [24,9], [23,8], [22,8], [21,9], [20,10], [21,11], [20,10], [19,10], [19,9], [19,8], [18,9], [18,10], [17,9], [16,10], [15,10], [14,11], [13,12], [12,13], [13,14], [14,15], 
# Episode 89 (Trapped)
[28,4], [28,5], [27,6], [26,7], [26,8], [25,7], [26,8], [25,8], [24,9], [23,8], [22,8], [21,9], [20,10], [21,11], [20,10], [19,10], [19,9], [19,8], [18,9], [18,10], [17,9], [16,10], [15,10], [14,11], [13,12], [12,13], [11,14], [12,15], [11,16], [12,17], [12,18], [11,19], [11,20], [10,19], [10,20], [9,21], [8,22], [9,23], [8,22], [7,22], [7,21], [7,20], [7,19], [7,20], [7,21], [7,22], [7,21], 
# Episode 90 (Collision)
[28,4], [28,5], [28,6], [27,7], [26,8], [25,7], [24,8], [23,8], [22,8], [21,9], [20,10], [21,11], [20,10], [19,10], [19,9], [19,8], [18,9], [18,10], [17,9], [16,10], [15,10], [14,11], [13,12], [12,13], [11,14], [12,15], 
# Episode 91 (Collision)
[28,4], [28,5], [28,6], [27,7], [26,8], [25,7], [24,8], [23,8], [22,8], [21,9], [20,10], [21,11], [20,10], [19,10], [19,9], [19,8], [18,9], [18,10], [17,9], [16,10], [15,10], [14,11], [13,12], [12,13], [11,14], [12,15], 
# Episode 92 (Collision)
[28,4], [28,3], [28,4], [28,5], [27,6], [26,7], [26,8], [25,7], [26,8], [25,8], [24,9], [23,8], [22,8], [21,9], [20,10], [21,11], [20,10], [19,10], [19,9], [19,8], [18,9], [18,10], [17,9], [16,10], [15,10], [14,11], [13,12], [12,13], [11,14], [11,15], 
# Episode 93 (Trapped)
[28,4], [27,3], [27,4], [28,5], [27,6], [28,7], [28,6], [28,7], [27,6], [28,7], [27,6], 
# Episode 94 (Trapped)
[28,4], [28,5], [28,6], [27,5], [27,6], [27,5], [27,6], [27,7], [26,8], [26,7], [26,8], [25,8], [24,9], [23,8], [22,8], [21,9], [20,10], [21,11], [20,10], [19,10], [19,9], [19,8], [18,9], [18,10], [17,9], [16,10], [15,10], [14,11], [13,12], [12,13], [11,14], [11,15], [11,16], [11,17], [11,18], [11,19], [11,20], [10,21], [9,22], [9,23], [8,22], [7,21], [7,22], [7,21], [7,20], [7,19], [7,20], [7,21], 
# Episode 95 (Trapped)
[28,4], [28,5], [27,4], [27,5], [27,6], [26,7], [26,8], [26,7], [26,8], [25,8], [24,9], [23,8], [22,8], [21,9], [20,10], [21,11], [20,10], [19,10], [19,9], [19,8], [18,9], [18,10], [17,9], [16,10], [15,10], [14,11], [13,12], [12,13], [13,14], [14,15], [14,16], [14,17], [14,18], [14,19], [14,18], [13,19], [12,19], [13,19], [12,18], [12,19], [13,19], 
# Episode 96 (Trapped)
[28,4], [28,3], [28,4], [27,3], [27,4], [26,3], [25,3], [26,3], [27,4], [27,5], [27,6], [27,7], [26,8], [25,7], [25,8], [24,9], [23,8], [22,8], [21,9], [20,10], [21,11], [20,10], [19,10], [19,9], [19,8], [18,9], [18,10], [17,9], [16,10], [15,10], [14,11], [13,12], [12,13], [13,14], [14,15], [14,16], [14,17], [14,18], [14,19], [14,18], [13,19], [12,19], [13,19], [12,18], [12,19], [13,19], 
# Episode 97 (Trapped)
[28,4], [28,3], [28,4], [27,3], [27,4], [26,3], [25,3], [26,3], [27,4], [27,5], [27,6], [27,7], [26,8], [25,7], [25,8], [24,9], [23,8], [22,8], [21,9], [20,10], [21,11], [20,10], [19,10], [19,9], [19,8], [18,9], [18,10], [17,9], [16,10], [15,10], [14,11], [13,12], [12,13], [13,14], [14,15], [14,16], [14,17], [14,18], [14,19], [14,18], [13,19], [12,19], [13,19], [12,18], [12,19], [13,19], 
# Episode 98 (Collision)
[28,4], [28,3], [28,4], [27,3], [27,4], [26,3], [25,3], [26,3], [27,4], [27,5], [27,6], [27,7], [26,8], [25,7], [25,8], [24,9], [23,8], [22,8], [21,9], [20,10], [21,11], [20,10], [19,10], [19,9], [19,8], [18,9], [18,10], [17,9], [16,10], [15,10], [14,11], [13,12], [12,13], [11,14], [11,15], 
# Episode 99 (Collision)
[28,4], [27,3], [26,3], [27,4], [27,3], [26,3], [25,3], [26,3], [27,4], [27,5], [27,6], [27,7], [26,8], [25,7], [25,8], [24,9], [23,8], [22,8], [21,9], [20,10], [21,11], [20,10], [19,10], [19,9], [19,8], [18,9], [18,10], [17,9], [16,10], [15,10], [14,11], [13,12], [12,13], [11,14], [11,15], 
# Episode 100 (Trapped)
[28,4], [28,5], [27,6], [26,7], [26,8], [25,7], [26,8], [25,8], [24,9], [23,8], [22,8], [21,9], [20,10], [21,11], [20,10], [19,10], [19,9], [19,8], [18,9], [18,10], [17,9], [16,10], [15,10], [14,11], [13,12], [12,13], [11,14], [10,15], [9,16], [10,17], [11,18], [10,19], [9,20], [10,21], [9,20], [8,21], [7,22], [8,22], [7,22], [7,21], [7,20], [7,19], [7,20], [7,21], [7,22], 
