# Episode 1 (Collision)
[12,2], [11,3], [10,4], [11,5], [10,6], [11,7], [12,8], [13,9], [14,10], [15,11], [16,12], [17,13], [18,14], [19,15], [19,16], [20,15], [21,14], [22,13], [23,12], [23,13], [24,12], [24,13], [25,12], [26,11], 
# Episode 2 (Collision)
[12,2], [13,1], [13,2], [13,3], [13,4], [12,5], [11,6], [12,7], [11,8], [12,9], [13,10], [14,11], [15,12], [16,13], [17,14], [18,15], [18,16], [19,15], [20,14], [21,15], [21,16], [22,15], [23,14], [23,15], [23,16], [23,17], [24,16], [25,15], [26,16], [27,15], [28,14], [28,15], [29,14], 
# Episode 3 (Collision)
[12,2], [12,3], [13,4], [13,5], [13,6], [14,5], [13,6], [13,7], 
# Episode 4 (Collision)
[12,2], [11,3], [10,4], [9,5], [8,6], [8,7], [9,8], [10,9], [11,10], [12,11], [11,12], [10,13], [10,14], [10,15], [10,16], [11,15], [11,16], [11,17], [11,18], [11,19], [11,20], [11,21], [12,20], 
# Episode 5 (Collision)
[12,2], [13,3], [13,4], [13,5], [13,6], [14,5], [15,4], [16,5], [16,6], 
# Episode 6 (Collision)
[12,2], [12,3], [12,4], [12,5], [12,6], [11,7], [12,8], [13,9], [14,10], [15,11], [16,12], [17,13], [18,14], [19,15], [19,16], [20,15], [21,14], [22,13], [23,12], [23,13], [24,12], [24,13], [25,12], [26,11], 
# Episode 7 (Collision)
[12,2], [13,1], [13,2], [13,3], [13,4], [12,5], [11,6], [12,7], [11,8], [12,9], [13,10], [14,11], [15,12], [16,13], [17,14], [18,15], [18,16], [19,15], [20,14], [21,15], [21,16], [22,15], [23,14], [23,15], [23,16], [23,17], [24,16], [25,15], [26,16], [27,15], [28,14], [29,13], [29,14], [29,15], [30,14], [30,15], [30,16], [30,17], 
# Episode 8 (Collision)
[12,2], [13,1], [14,0], [15,1], [15,2], [14,3], [13,4], [12,5], [11,6], [12,7], [11,8], [12,9], [13,10], [14,11], [15,12], [16,13], [17,14], [18,15], [18,16], [19,15], [20,14], [21,15], [21,16], [22,15], [23,14], [23,15], [23,16], [23,17], [24,16], [25,15], [26,16], [27,15], [27,16], [27,17], [27,18], [27,19], [27,20], [28,19], [28,20], [28,21], [29,20], [30,19], [30,20], [30,21], [31,20], [31,21], [31,22], [31,23], [31,24], 
# Episode 9 (Collision)
[12,2], [12,3], [12,4], [11,5], [12,4], [11,5], [10,6], [11,7], [12,8], [13,9], [14,10], [15,11], [16,12], [17,13], [18,14], [19,15], [19,16], [20,15], [21,14], [22,13], [23,12], [23,13], [24,12], [24,13], [25,12], [26,11], 
# Episode 10 (Collision)
[12,2], [13,1], [13,2], [13,3], [13,4], [12,5], [11,6], [12,7], [11,8], [12,9], [13,10], [14,11], [15,12], [16,13], [17,14], [18,15], [18,16], [19,15], [20,14], [21,15], [21,16], [22,15], [23,14], [23,15], [23,16], [23,17], [24,16], [25,15], [26,16], [27,15], [28,14], [29,13], [29,14], 
# Episode 11 (Collision)
[12,2], [12,3], [12,4], [12,5], [11,6], [12,7], [13,8], 
# Episode 12 (Collision)
[12,2], [13,3], [12,4], [11,5], [10,6], [11,7], [12,8], [13,9], [14,10], [15,11], [16,12], [17,13], [18,14], [19,15], [19,16], [20,15], [21,14], [22,13], [23,12], [23,13], [24,12], [24,13], [25,12], [26,11], 
# Episode 13 (Collision)
[12,2], [13,1], [13,2], [13,3], [13,4], [12,5], [11,6], [12,7], [11,8], [12,9], [13,10], [14,11], [15,12], [16,13], [17,14], [18,15], [18,16], [19,15], [20,14], [21,15], [21,16], [22,15], [23,14], [23,15], [23,16], [23,17], [24,16], [25,15], [26,16], [27,15], [27,16], [27,17], [27,18], [27,19], [27,20], [27,21], [27,22], [27,23], [27,24], [27,25], [27,26], [27,27], [27,28], [28,27], [29,26], [30,25], [31,24], 
# Episode 14 (Collision)
[12,2], [13,1], [14,2], [15,3], [15,4], [15,5], [15,6], 
# Episode 15 (Collision)
[12,2], [12,3], [12,4], [12,5], [13,4], [12,5], [11,6], [12,7], [11,8], [12,9], [13,10], [14,11], [15,12], [16,13], [17,14], [18,15], [18,16], [19,15], [20,14], [21,15], [21,16], [22,15], [23,14], [23,15], [23,16], [23,17], [24,16], [25,15], [26,16], [27,15], [27,16], [28,15], [28,16], [29,15], [30,14], 
# Episode 16 (Collision)
[12,2], [13,1], [14,0], [15,1], [16,2], [15,3], [14,4], [15,3], [14,4], [13,5], [12,6], [13,7], 
# Episode 17 (Collision)
[12,2], [11,3], [10,4], [11,5], [10,6], [11,7], [12,8], [13,9], [14,10], [15,11], [16,12], [17,13], [18,14], [19,15], [19,16], [20,15], [21,14], [22,13], [23,12], [23,13], [24,12], [24,13], [25,12], [26,11], 
# Episode 18 (Collision)
[12,2], [13,1], [13,2], [13,3], [13,4], [12,5], [11,6], [12,7], [11,8], [12,9], [13,10], [14,11], [15,12], [16,13], [17,14], [18,15], [18,16], [19,15], [20,14], [21,15], [21,16], [22,15], [23,14], [23,15], [23,16], [23,17], [24,16], [25,15], [26,16], [27,15], [28,14], [29,13], [30,12], [31,11], [31,12], [31,13], 
# Episode 19 (Collision)
[12,2], [12,3], [12,4], [12,5], [13,4], [12,5], [11,6], [12,7], [11,8], [12,9], [13,10], [14,11], [15,12], [16,13], [17,14], [18,15], [18,16], [19,15], [20,14], [21,15], [21,16], [22,15], [23,14], [23,15], [23,16], [23,17], [24,16], [25,15], [26,16], [27,15], [28,14], [28,15], [29,14], [29,15], [29,16], 
# Episode 20 (Collision)
[12,2], [12,3], [12,4], [11,5], [10,6], [9,7], [9,8], [9,9], [9,10], [10,9], [11,8], [12,7], [13,6], [14,7], 
