# Episode 1 (Collision)
[12,2], [11,3], [12,4], [11,5], [10,6], [11,7], [12,8], [13,9], [14,10], [15,11], [16,12], [17,13], [18,14], [19,15], [19,16], [20,15], [21,16], [22,17], [23,18], [23,19], 
# Episode 2 (Collision)
[12,2], [12,3], [12,4], [11,5], [10,6], [9,7], [9,8], [9,9], [9,10], [10,11], [11,12], [12,13], [12,14], [12,15], [12,16], [12,17], [13,18], [13,19], 
# Episode 3 (Collision)
[12,2], [13,3], [13,4], [13,5], [12,6], [11,7], [12,8], [13,9], [14,10], [15,11], [16,12], [17,13], [18,14], [19,15], [19,16], [20,15], [21,16], [22,17], [23,18], [23,19], 
# Episode 4 (Collision)
[12,2], [12,3], [12,4], [11,5], [10,6], [9,7], [9,8], [9,9], [9,10], [9,11], [9,12], [9,13], [9,14], [9,15], [9,16], [9,17], [9,18], [9,19], [9,20], [9,21], [9,22], [10,23], [10,24], [10,25], 
# Episode 5 (Collision)
[12,2], [13,3], [12,4], [11,5], [10,6], [11,7], [12,8], [13,9], [14,10], [15,11], [16,12], [17,13], [18,14], [19,15], [19,16], [20,15], [21,16], [22,17], [23,18], [23,19], 
# Episode 6 (Collision)
[12,2], [12,3], [12,4], [11,5], [10,6], [9,7], [9,8], [9,9], [9,10], [9,11], [10,12], [10,13], [10,14], [10,15], [10,16], [10,17], 
# Episode 7 (Collision)
[12,2], [12,3], [13,4], [12,5], [12,6], [11,7], [10,8], [10,9], [10,10], [10,11], [10,12], [10,13], [10,14], [10,15], [10,16], [10,17], 
# Episode 8 (Collision)
[12,2], [12,3], [13,4], [12,5], [12,6], [11,7], [10,8], [10,9], [10,10], [11,11], [11,12], [11,13], [11,14], [11,15], [11,16], [11,17], [11,18], [11,19], [11,20], [11,21], [12,22], [12,23], [12,24], [12,25], 
# Episode 9 (Collision)
[12,2], [12,3], [12,4], [12,5], [12,6], [11,7], [10,8], [10,9], [10,10], [11,11], [11,12], [11,13], [11,14], [11,15], [11,16], [11,17], [11,18], [11,19], [11,20], [11,21], [12,22], [12,23], [12,24], [12,25], 
# Episode 10 (Collision)
[12,2], [12,3], [12,4], [12,5], [12,6], [11,7], [10,8], [10,9], [10,10], [10,11], [10,12], 
# Episode 11 (Collision)
[12,2], [13,3], [12,4], [11,5], [10,6], [11,7], [12,8], [13,9], [14,10], [15,11], [16,12], [17,13], [18,14], [19,15], [19,16], [20,15], [21,16], [22,17], [23,18], [23,19], 
# Episode 12 (Collision)
[12,2], [12,3], [12,4], [11,5], [10,6], [9,7], [9,8], [9,9], [9,10], [10,11], [10,12], 
# Episode 13 (Collision)
[12,2], [12,3], [13,2], [12,3], [11,4], [10,5], [9,6], [10,7], [11,8], [12,9], [13,10], [14,11], [15,12], [16,13], [17,14], [18,15], [18,16], [19,17], [20,18], [20,19], [20,20], [20,21], [20,22], [20,23], 
# Episode 14 (Collision)
[12,2], [12,3], [12,4], [12,5], [12,6], [11,7], [10,8], [10,9], [10,10], [11,11], [11,12], 
# Episode 15 (Collision)
[12,2], [11,3], [10,4], [9,5], [8,6], [8,7], [8,8], [8,9], [8,10], [8,11], [8,12], [8,13], [8,14], [8,15], [9,16], [10,17], 
# Episode 16 (Collision)
[12,2], [12,3], [11,4], [11,5], [11,6], [12,7], [11,8], [12,9], [13,10], [14,11], [15,12], [16,13], [17,14], [18,15], [18,16], [19,17], [20,18], [20,19], [20,20], [20,21], [20,22], [20,23], 
# Episode 17 (Collision)
[12,2], [12,3], [12,4], [12,5], [12,6], [11,7], [10,8], [10,9], [10,10], [9,11], [8,12], [7,13], [6,14], [6,15], [7,16], [7,17], 
# Episode 18 (Collision)
[12,2], [12,3], [12,4], [12,5], [12,6], [11,7], [10,8], [10,9], [10,10], [9,11], [8,12], [7,13], [6,14], [6,15], [7,16], [7,17], 
# Episode 19 (Collision)
[12,2], [12,3], [12,4], [12,5], [12,6], [11,7], [10,8], [10,9], [10,10], [9,11], [8,12], [7,13], [6,14], [6,15], [7,16], [7,17], 
# Episode 20 (Collision)
[12,2], [12,3], [12,4], [12,5], [12,6], [11,7], [10,8], [10,9], [10,10], [9,11], [8,12], [7,13], [6,14], [6,15], [7,16], [7,17], 
