# Episode 1
[12,2], [11,3], [11,4], [10,5], [9,6], [10,7], [9,6], [8,7], [7,8], [7,9], [7,10], [8,11], [8,12], [12,2], 
# Episode 2
[12,2], [13,2], [12,3], [11,4], [10,5], [9,6], [10,7], [11,8], [12,9], [13,10], [13,11], [12,12], [13,13], [12,14], [12,15], [12,16], [11,17], [12,18], [11,19], [11,20], [12,21], [12,22], [12,23], [12,24], [12,2], 
# Episode 3
[12,2], [12,3], [12,4], [13,3], [12,4], [11,5], [10,6], [11,7], [12,8], [13,9], [14,10], [15,11], [16,12], [17,13], [18,14], [19,15], [18,16], [19,17], [20,18], [12,2], 
# Episode 4
[12,2], [12,3], [11,4], [10,5], [9,6], [10,7], [11,8], [12,9], [13,10], [13,11], [12,12], [13,13], [12,14], [12,15], [12,16], [11,17], [12,18], [11,19], [11,20], [12,21], [12,22], [12,23], [12,24], [12,2], 
# Episode 5
[12,2], [12,3], [12,4], [13,3], [12,4], [11,5], [10,6], [11,7], [12,8], [13,9], [14,10], [15,11], [16,12], [17,13], [18,14], [19,15], [18,16], [19,17], [20,18], [12,2], 
