# Episode 1 (Trapped)
[12,2], [11,3], [11,4], [10,5], [9,6], [10,7], [9,6], [10,7], [11,8], [12,9], [13,10], [13,11], [12,12], [13,13], [12,14], [12,15], [12,16], [12,17], [13,18], [13,17], [13,18], [13,17], [13,18], 
# Episode 2 (Trapped)
[12,2], [12,3], [11,4], [10,5], [9,6], [10,7], [11,8], [12,9], [13,10], [13,11], [12,12], [13,13], [12,14], [12,15], [12,16], [12,17], [13,18], [13,17], [13,18], [13,17], [13,18], 
# Episode 3 (Trapped)
[12,2], [12,3], [11,4], [10,5], [9,6], [10,7], [11,8], [12,9], [13,10], [13,11], [12,12], [13,13], [12,14], [12,15], [12,16], [12,17], [13,18], [13,17], [13,18], [13,17], [13,18], 
# Episode 4 (Trapped)
[12,2], [12,3], [11,4], [10,5], [9,6], [10,7], [11,8], [12,9], [13,10], [13,11], [12,12], [13,13], [12,14], [12,15], [12,16], [12,17], [13,18], [13,17], [13,18], [13,17], [13,18], 
# Episode 5 (Trapped)
[12,2], [12,3], [11,4], [10,5], [9,6], [10,7], [11,8], [12,9], [13,10], [13,11], [12,12], [13,13], [12,14], [12,15], [12,16], [12,17], [13,18], [13,17], [13,18], [13,17], [13,18], 
# Episode 6 (Trapped)
[12,2], [12,3], [11,4], [10,5], [9,6], [10,7], [11,8], [12,9], [13,10], [13,11], [12,12], [13,13], [12,14], [12,15], [12,16], [12,17], [13,18], [13,17], [13,18], [13,17], [13,18], 
# Episode 7 (Trapped)
[12,2], [12,3], [11,4], [10,5], [9,6], [10,7], [11,8], [12,9], [13,10], [13,11], [12,12], [11,13], [11,14], [11,15], [11,16], [12,15], [12,16], [12,17], [12,18], [12,17], [12,18], [12,17], 
# Episode 8 (Trapped)
[12,2], [12,3], [11,4], [12,3], [11,4], [10,5], [9,6], [10,7], [11,8], [12,9], [13,10], [13,11], [12,12], [11,13], [11,14], [11,15], [11,16], [12,15], [12,16], [12,17], [12,18], [12,17], [12,18], [12,17], 
# Episode 9 (Trapped)
[12,2], [12,3], [11,4], [12,3], [11,4], [10,5], [9,6], [10,7], [11,8], [12,9], [13,10], [13,11], [12,12], [11,13], [11,14], [11,15], [11,16], [12,15], [12,16], [12,17], [12,18], [12,17], [12,18], [12,17], 
# Episode 10 (Trapped)
[12,2], [12,3], [11,4], [12,3], [11,4], [10,5], [9,6], [10,7], [11,8], [12,9], [13,10], [14,11], [15,12], [16,13], [17,14], [18,15], [18,16], [18,17], [18,16], [19,17], [20,18], [20,17], [20,18], [21,17], [21,18], [21,17], [21,18], [21,17], 
# Episode 11 (Collision)
[12,2], [12,3], [12,4], [13,3], [12,4], [11,5], [10,6], [11,7], [12,8], [11,7], [11,8], [10,9], [10,10], [11,11], [11,12], 
# Episode 12 (Trapped)
[12,2], [11,3], [10,4], [9,5], [9,6], [10,7], [9,8], [9,9], [9,10], [8,11], [7,12], [7,13], [7,14], [7,15], [8,16], [8,15], [9,16], [9,15], [8,16], [8,15], [9,16], [9,15], [9,16], 
# Episode 13 (Trapped)
[12,2], [12,3], [11,4], [10,5], [9,6], [10,7], [11,8], [12,9], [13,10], [14,11], [15,12], [16,13], [17,14], [18,15], [17,16], [17,17], [17,16], [18,17], [18,16], [19,17], [20,18], [20,17], [20,18], [21,17], [21,18], [21,17], [21,18], [21,17], 
# Episode 14 (Trapped)
[12,2], [12,3], [12,4], [13,3], [12,4], [11,5], [10,6], [11,7], [12,8], [11,7], [11,8], [10,9], [10,10], [10,11], [10,12], [10,13], [10,14], [9,15], [8,16], [8,15], [8,16], [8,15], [8,16], 
# Episode 15 (Trapped)
[12,2], [12,3], [11,4], [11,5], [10,6], [9,7], [9,8], [9,9], [9,10], [8,11], [7,12], [7,13], [7,14], [7,15], [8,16], [8,15], [8,16], [8,15], [8,16], 
# Episode 16 (Trapped)
[12,2], [12,3], [11,4], [11,5], [10,6], [9,7], [9,8], [9,9], [9,10], [8,11], [7,12], [7,13], [7,14], [7,15], [8,16], [8,15], [8,16], [8,15], [8,16], 
# Episode 17 (Trapped)
[12,2], [12,3], [11,4], [11,5], [10,6], [9,7], [9,8], [9,9], [9,10], [8,11], [7,12], [7,13], [7,14], [7,15], [8,16], [8,15], [8,16], [8,15], [8,16], 
# Episode 18 (Trapped)
[12,2], [12,3], [11,4], [11,5], [10,6], [9,7], [9,8], [9,9], [9,10], [8,11], [7,12], [7,13], [7,14], [7,15], [8,16], [8,15], [9,16], [9,15], [8,16], [8,15], [9,16], [9,15], [9,16], 
# Episode 19 (Trapped)
[12,2], [12,3], [11,4], [10,5], [9,6], [10,7], [11,8], [12,9], [13,10], [14,11], [15,12], [16,13], [17,14], [18,15], [17,16], [17,17], [17,16], [18,17], [18,16], [19,17], [20,18], [20,17], [20,18], [21,17], [21,18], [21,17], [21,18], [21,17], 
# Episode 20 (Collision)
[12,2], [12,3], [12,4], [13,3], [12,4], [11,5], [10,6], [11,7], [12,8], [11,7], [11,8], [10,9], [10,10], [11,11], [11,12], 
# Episode 21 (Collision)
[12,2], [11,3], [10,4], [9,5], [9,6], [10,7], [9,8], [9,9], [9,10], [9,11], [9,12], 
# Episode 22 (Collision)
[12,2], [11,3], [10,4], [11,5], [10,6], [11,7], [12,8], [11,7], [11,8], [10,9], [10,10], [11,11], [11,12], 
# Episode 23 (Collision)
[12,2], [11,3], [10,4], [9,5], [9,6], [10,7], [9,8], [9,9], [9,10], [9,11], [9,12], 
# Episode 24 (Collision)
[12,2], [11,3], [10,4], [11,5], [10,6], [11,7], [12,8], [11,7], [11,8], [10,9], [10,10], [11,11], [10,12], 
# Episode 25 (Trapped)
[12,2], [13,2], [12,3], [11,4], [10,5], [9,6], [10,7], [11,8], [12,9], [13,10], [13,11], [12,12], [11,13], [11,14], [11,15], [11,16], [12,15], [12,16], [12,17], [12,18], [12,17], [12,18], [12,17], 
# Episode 26 (Trapped)
[12,2], [12,3], [11,4], [12,3], [11,4], [10,5], [9,6], [10,7], [11,8], [12,9], [13,10], [13,11], [12,12], [11,13], [11,14], [11,15], [11,16], [12,15], [12,16], [12,17], [12,18], [12,17], [12,18], [12,17], 
# Episode 27 (Trapped)
[12,2], [12,3], [11,4], [12,3], [11,4], [10,5], [9,6], [10,7], [11,8], [12,9], [13,10], [13,11], [12,12], [13,13], [12,14], [12,15], [12,16], [12,17], [13,18], [13,17], [13,18], [13,17], [13,18], 
# Episode 28 (Trapped)
[12,2], [12,3], [11,4], [10,5], [9,6], [10,7], [11,8], [12,9], [13,10], [13,11], [12,12], [13,13], [12,14], [12,15], [12,16], [12,17], [13,18], [13,17], [13,18], [13,17], [13,18], 
# Episode 29 (Trapped)
[12,2], [12,3], [11,4], [10,5], [9,6], [10,7], [11,8], [12,9], [13,10], [13,11], [12,12], [13,13], [12,14], [12,15], [12,16], [12,17], [13,18], [13,17], [13,18], [13,17], [13,18], 
# Episode 30 (Trapped)
[12,2], [12,3], [11,4], [10,5], [9,6], [10,7], [11,8], [12,9], [13,10], [13,11], [12,12], [13,13], [12,14], [12,15], [12,16], [12,17], [13,18], [13,17], [13,18], [13,17], [13,18], 
# Episode 31 (Trapped)
[12,2], [12,3], [11,4], [10,5], [9,6], [10,7], [11,8], [12,9], [13,10], [13,11], [12,12], [13,13], [12,14], [12,15], [12,16], [12,17], [13,18], [13,17], [13,18], [13,17], [13,18], 
# Episode 32 (Trapped)
[12,2], [12,3], [11,4], [10,5], [9,6], [10,7], [11,8], [12,9], [13,10], [13,11], [12,12], [13,13], [12,14], [12,15], [12,16], [12,17], [13,18], [13,17], [13,18], [13,17], [13,18], 
# Episode 33 (Trapped)
[12,2], [12,3], [11,4], [10,5], [9,6], [10,7], [11,8], [12,9], [13,10], [13,11], [12,12], [13,13], [12,14], [12,15], [12,16], [12,17], [13,18], [13,17], [13,18], [13,17], [13,18], 
# Episode 34 (Trapped)
[12,2], [12,3], [11,4], [10,5], [9,6], [10,7], [11,8], [12,9], [13,10], [13,11], [12,12], [13,13], [12,14], [12,15], [12,16], [12,17], [13,18], [13,17], [13,18], [13,17], [13,18], 
# Episode 35 (Trapped)
[12,2], [12,3], [11,4], [10,5], [9,6], [10,7], [11,8], [12,9], [13,10], [13,11], [12,12], [13,13], [12,14], [12,15], [12,16], [12,17], [13,18], [13,17], [13,18], [13,17], [13,18], 
# Episode 36 (Trapped)
[12,2], [12,3], [11,4], [10,5], [9,6], [10,7], [11,8], [12,9], [13,10], [13,11], [12,12], [13,13], [12,14], [12,15], [12,16], [12,17], [13,18], [13,17], [13,18], [13,17], [13,18], 
# Episode 37 (Trapped)
[12,2], [12,3], [11,4], [10,5], [9,6], [10,7], [11,8], [12,9], [13,10], [13,11], [12,12], [13,13], [12,14], [12,15], [12,16], [12,17], [13,18], [13,17], [13,18], [13,17], [13,18], 
# Episode 38 (Trapped)
[12,2], [12,3], [11,4], [10,5], [9,6], [10,7], [11,8], [12,9], [13,10], [13,11], [12,12], [13,13], [12,14], [12,15], [12,16], [12,17], [13,18], [13,17], [13,18], [13,17], [13,18], 
# Episode 39 (Trapped)
[12,2], [12,3], [11,4], [10,5], [9,6], [10,7], [11,8], [12,9], [13,10], [13,11], [12,12], [13,13], [12,14], [12,15], [12,16], [12,17], [13,18], [13,17], [13,18], [13,17], [13,18], 
# Episode 40 (Trapped)
[12,2], [12,3], [11,4], [10,5], [9,6], [10,7], [11,8], [12,9], [13,10], [13,11], [12,12], [11,13], [11,14], [11,15], [11,16], [12,15], [12,16], [12,17], [12,18], [12,17], [12,18], [12,17], 
# Episode 41 (Trapped)
[12,2], [12,3], [11,4], [12,3], [11,4], [10,5], [9,6], [10,7], [11,8], [12,9], [13,10], [13,11], [12,12], [11,13], [11,14], [11,15], [11,16], [12,15], [12,16], [12,17], [12,18], [12,17], [12,18], [12,17], 
# Episode 42 (Trapped)
[12,2], [12,3], [11,4], [12,3], [11,4], [10,5], [9,6], [10,7], [11,8], [12,9], [13,10], [13,11], [12,12], [11,13], [11,14], [11,15], [11,16], [12,15], [12,16], [12,17], [12,18], [12,17], [12,18], [12,17], 
# Episode 43 (Trapped)
[12,2], [12,3], [11,4], [12,3], [11,4], [10,5], [9,6], [10,7], [11,8], [12,9], [13,10], [14,11], [15,12], [16,13], [17,14], [18,15], [18,16], [18,17], [18,16], [19,17], [20,18], [20,17], [20,18], [21,17], [21,18], [21,17], [21,18], [21,17], 
# Episode 44 (Collision)
[12,2], [12,3], [12,4], [13,3], [12,4], [11,5], [10,6], [11,7], [12,8], [11,7], [11,8], [10,9], [10,10], [11,11], [11,12], 
# Episode 45 (Trapped)
[12,2], [11,3], [10,4], [9,5], [9,6], [10,7], [9,8], [9,9], [9,10], [8,11], [7,12], [7,13], [7,14], [7,15], [8,16], [8,15], [9,16], [9,15], [8,16], [8,15], [9,16], [9,15], [9,16], 
# Episode 46 (Trapped)
[12,2], [12,3], [11,4], [10,5], [9,6], [10,7], [11,8], [12,9], [13,10], [14,11], [15,12], [16,13], [17,14], [18,15], [17,16], [17,17], [17,16], [18,17], [18,16], [19,17], [20,18], [20,17], [20,18], [21,17], [21,18], [21,17], [21,18], [21,17], 
# Episode 47 (Trapped)
[12,2], [12,3], [12,4], [13,3], [12,4], [11,5], [10,6], [11,7], [12,8], [11,7], [11,8], [10,9], [10,10], [10,11], [10,12], [10,13], [10,14], [9,15], [8,16], [8,15], [8,16], [8,15], [8,16], 
# Episode 48 (Trapped)
[12,2], [12,3], [11,4], [11,5], [10,6], [9,7], [9,8], [9,9], [9,10], [8,11], [7,12], [7,13], [7,14], [7,15], [8,16], [8,15], [8,16], [8,15], [8,16], 
# Episode 49 (Trapped)
[12,2], [12,3], [11,4], [11,5], [10,6], [9,7], [9,8], [9,9], [9,10], [8,11], [7,12], [7,13], [7,14], [7,15], [8,16], [8,15], [8,16], [8,15], [8,16], 
# Episode 50 (Trapped)
[12,2], [12,3], [11,4], [11,5], [10,6], [9,7], [9,8], [9,9], [9,10], [8,11], [7,12], [7,13], [7,14], [7,15], [8,16], [8,15], [8,16], [8,15], [8,16], 
# Episode 51 (Trapped)
[12,2], [12,3], [11,4], [11,5], [10,6], [9,7], [9,8], [9,9], [9,10], [8,11], [7,12], [7,13], [7,14], [7,15], [8,16], [8,15], [9,16], [9,15], [8,16], [8,15], [9,16], [9,15], [9,16], 
# Episode 52 (Trapped)
[12,2], [12,3], [11,4], [10,5], [9,6], [10,7], [11,8], [12,9], [13,10], [14,11], [15,12], [16,13], [17,14], [18,15], [17,16], [17,17], [17,16], [18,17], [18,16], [19,17], [20,18], [20,17], [20,18], [21,17], [21,18], [21,17], [21,18], [21,17], 
# Episode 53 (Collision)
[12,2], [12,3], [12,4], [13,3], [12,4], [11,5], [10,6], [11,7], [12,8], [11,7], [11,8], [10,9], [10,10], [11,11], [11,12], 
# Episode 54 (Collision)
[12,2], [11,3], [10,4], [9,5], [9,6], [10,7], [9,8], [9,9], [9,10], [9,11], [9,12], 
# Episode 55 (Collision)
[12,2], [11,3], [10,4], [11,5], [10,6], [11,7], [12,8], [11,7], [11,8], [10,9], [10,10], [11,11], [11,12], 
# Episode 56 (Collision)
[12,2], [11,3], [10,4], [9,5], [9,6], [10,7], [9,8], [9,9], [9,10], [9,11], [9,12], 
# Episode 57 (Collision)
[12,2], [11,3], [10,4], [11,5], [10,6], [11,7], [12,8], [11,7], [11,8], [10,9], [10,10], [9,11], [9,12], 
# Episode 58 (Collision)
[12,2], [13,3], [14,4], [13,5], [12,6], [11,7], [12,8], [11,7], [10,8], [10,9], [10,10], [9,11], [9,12], 
# Episode 59 (Trapped)
[12,2], [12,3], [13,4], [12,5], [11,6], [12,7], [11,8], [12,9], [13,10], [13,11], [13,12], [12,13], [12,14], [12,15], [12,16], [12,17], [12,18], [12,17], [12,18], [12,17], 
# Episode 60 (Trapped)
[12,2], [12,3], [11,4], [12,3], [11,4], [10,5], [9,6], [10,7], [11,8], [12,9], [13,10], [13,11], [12,12], [11,13], [11,14], [11,15], [11,16], [12,15], [12,16], [12,17], [12,18], [12,17], [12,18], [12,17], 
# Episode 61 (Trapped)
[12,2], [12,3], [11,4], [12,3], [11,4], [10,5], [9,6], [10,7], [11,8], [12,9], [13,10], [13,11], [12,12], [13,13], [12,14], [12,15], [12,16], [12,17], [13,18], [13,17], [13,18], [13,17], [13,18], 
# Episode 62 (Trapped)
[12,2], [12,3], [11,4], [10,5], [9,6], [10,7], [11,8], [12,9], [13,10], [13,11], [12,12], [13,13], [12,14], [12,15], [12,16], [12,17], [13,18], [13,17], [13,18], [13,17], [13,18], 
# Episode 63 (Trapped)
[12,2], [12,3], [11,4], [10,5], [9,6], [10,7], [11,8], [12,9], [13,10], [13,11], [12,12], [13,13], [12,14], [12,15], [12,16], [12,17], [13,18], [13,17], [13,18], [13,17], [13,18], 
# Episode 64 (Trapped)
[12,2], [12,3], [11,4], [10,5], [9,6], [10,7], [11,8], [12,9], [13,10], [13,11], [12,12], [13,13], [12,14], [12,15], [12,16], [12,17], [13,18], [13,17], [13,18], [13,17], [13,18], 
# Episode 65 (Trapped)
[12,2], [12,3], [11,4], [10,5], [9,6], [10,7], [11,8], [12,9], [13,10], [13,11], [12,12], [13,13], [12,14], [12,15], [12,16], [12,17], [13,18], [13,17], [13,18], [13,17], [13,18], 
# Episode 66 (Trapped)
[12,2], [12,3], [11,4], [10,5], [9,6], [10,7], [11,8], [12,9], [13,10], [13,11], [12,12], [13,13], [12,14], [12,15], [12,16], [12,17], [13,18], [13,17], [13,18], [13,17], [13,18], 
# Episode 67 (Trapped)
[12,2], [12,3], [11,4], [10,5], [9,6], [10,7], [11,8], [12,9], [13,10], [13,11], [12,12], [13,13], [12,14], [12,15], [12,16], [12,17], [13,18], [13,17], [13,18], [13,17], [13,18], 
# Episode 68 (Trapped)
[12,2], [12,3], [11,4], [10,5], [9,6], [10,7], [11,8], [12,9], [13,10], [13,11], [12,12], [13,13], [12,14], [12,15], [12,16], [12,17], [13,18], [13,17], [13,18], [13,17], [13,18], 
# Episode 69 (Trapped)
[12,2], [12,3], [11,4], [10,5], [9,6], [10,7], [11,8], [12,9], [13,10], [13,11], [12,12], [13,13], [12,14], [12,15], [12,16], [12,17], [13,18], [13,17], [13,18], [13,17], [13,18], 
# Episode 70 (Trapped)
[12,2], [12,3], [11,4], [10,5], [9,6], [10,7], [11,8], [12,9], [13,10], [13,11], [12,12], [13,13], [12,14], [12,15], [12,16], [12,17], [13,18], [13,17], [13,18], [13,17], [13,18], 
# Episode 71 (Trapped)
[12,2], [12,3], [11,4], [10,5], [9,6], [10,7], [11,8], [12,9], [13,10], [13,11], [12,12], [13,13], [12,14], [12,15], [12,16], [12,17], [13,18], [13,17], [13,18], [13,17], [13,18], 
# Episode 72 (Trapped)
[12,2], [12,3], [11,4], [10,5], [9,6], [10,7], [11,8], [12,9], [13,10], [13,11], [12,12], [13,13], [12,14], [12,15], [12,16], [12,17], [13,18], [13,17], [13,18], [13,17], [13,18], 
# Episode 73 (Trapped)
[12,2], [12,3], [11,4], [10,5], [9,6], [10,7], [11,8], [12,9], [13,10], [13,11], [12,12], [13,13], [12,14], [12,15], [12,16], [12,17], [13,18], [13,17], [13,18], [13,17], [13,18], 
# Episode 74 (Trapped)
[12,2], [12,3], [11,4], [10,5], [9,6], [10,7], [11,8], [12,9], [13,10], [13,11], [12,12], [11,13], [11,14], [11,15], [11,16], [12,15], [12,16], [12,17], [12,18], [12,17], [12,18], [12,17], 
# Episode 75 (Trapped)
[12,2], [12,3], [11,4], [12,3], [11,4], [10,5], [9,6], [10,7], [11,8], [12,9], [13,10], [13,11], [12,12], [11,13], [11,14], [11,15], [11,16], [12,15], [12,16], [12,17], [12,18], [12,17], [12,18], [12,17], 
# Episode 76 (Trapped)
[12,2], [12,3], [11,4], [12,3], [11,4], [10,5], [9,6], [10,7], [11,8], [12,9], [13,10], [14,11], [15,12], [16,13], [17,14], [18,15], [18,16], [18,17], [18,16], [19,17], [20,18], [20,17], [20,18], [21,17], [21,18], [21,17], [21,18], [21,17], 
# Episode 77 (Collision)
[12,2], [12,3], [12,4], [13,3], [12,4], [11,5], [10,6], [11,7], [12,8], [11,7], [11,8], [10,9], [10,10], [11,11], [11,12], 
# Episode 78 (Collision)
[12,2], [11,3], [10,4], [9,5], [9,6], [10,7], [9,8], [9,9], [9,10], [9,11], [9,12], 
# Episode 79 (Collision)
[12,2], [11,3], [10,4], [11,5], [10,6], [11,7], [12,8], [11,7], [11,8], [10,9], [10,10], [11,11], [11,12], 
# Episode 80 (Trapped)
[12,2], [11,3], [10,4], [9,5], [9,6], [10,7], [9,8], [9,9], [9,10], [8,11], [7,12], [7,13], [7,14], [7,15], [8,16], [8,15], [9,16], [9,15], [8,16], [8,15], [9,16], [9,15], [9,16], 
# Episode 81 (Trapped)
[12,2], [12,3], [11,4], [10,5], [9,6], [10,7], [11,8], [12,9], [13,10], [14,11], [15,12], [16,13], [17,14], [18,15], [17,16], [17,17], [17,16], [18,17], [18,16], [19,17], [20,18], [20,17], [20,18], [21,17], [21,18], [21,17], [21,18], [21,17], 
# Episode 82 (Trapped)
[12,2], [12,3], [12,4], [13,3], [12,4], [11,5], [10,6], [11,7], [12,8], [11,7], [11,8], [10,9], [10,10], [10,11], [10,12], [10,13], [10,14], [9,15], [8,16], [8,15], [8,16], [8,15], [8,16], 
# Episode 83 (Trapped)
[12,2], [12,3], [11,4], [11,5], [10,6], [9,7], [9,8], [9,9], [9,10], [8,11], [7,12], [7,13], [7,14], [7,15], [8,16], [8,15], [8,16], [8,15], [8,16], 
# Episode 84 (Trapped)
[12,2], [12,3], [11,4], [11,5], [10,6], [9,7], [9,8], [9,9], [9,10], [8,11], [7,12], [7,13], [7,14], [7,15], [8,16], [8,15], [8,16], [8,15], [8,16], 
# Episode 85 (Trapped)
[12,2], [12,3], [11,4], [11,5], [10,6], [9,7], [9,8], [9,9], [9,10], [8,11], [7,12], [7,13], [7,14], [7,15], [8,16], [8,15], [9,16], [9,15], [8,16], [8,15], [9,16], [9,15], [9,16], 
# Episode 86 (Trapped)
[12,2], [12,3], [11,4], [10,5], [9,6], [10,7], [11,8], [12,9], [13,10], [14,11], [15,12], [16,13], [17,14], [18,15], [17,16], [17,17], [17,16], [18,17], [18,16], [19,17], [20,18], [20,17], [20,18], [21,17], [21,18], [21,17], [21,18], [21,17], 
# Episode 87 (Collision)
[12,2], [12,3], [12,4], [13,3], [12,4], [11,5], [10,6], [11,7], [12,8], [11,7], [11,8], [10,9], [10,10], [11,11], [11,12], 
# Episode 88 (Collision)
[12,2], [11,3], [10,4], [9,5], [9,6], [10,7], [9,8], [9,9], [9,10], [9,11], [9,12], 
# Episode 89 (Collision)
[12,2], [11,3], [10,4], [11,5], [10,6], [11,7], [12,8], [11,7], [11,8], [10,9], [10,10], [11,11], [11,12], 
# Episode 90 (Collision)
[12,2], [11,3], [10,4], [9,5], [9,6], [10,7], [9,8], [9,9], [9,10], [9,11], [9,12], 
# Episode 91 (Collision)
[12,2], [11,3], [10,4], [11,5], [10,6], [11,7], [12,8], [11,7], [11,8], [10,9], [10,10], [11,11], [11,12], 
# Episode 92 (Collision)
[12,2], [11,3], [10,4], [9,5], [9,6], [10,7], [9,8], [9,9], [9,10], [9,11], [9,12], 
# Episode 93 (Collision)
[12,2], [11,3], [10,4], [9,5], [9,6], [10,7], [9,8], [9,9], [9,10], [10,11], [10,12], 
# Episode 94 (Collision)
[12,2], [11,3], [10,4], [9,5], [10,6], [11,7], [12,8], [11,7], [11,8], [10,9], [10,10], [9,11], [9,12], 
# Episode 95 (Collision)
[12,2], [13,3], [14,4], [13,5], [12,6], [11,7], [12,8], [11,7], [10,8], [10,9], [10,10], [9,11], [9,12], 
# Episode 96 (Trapped)
[12,2], [12,3], [13,4], [12,5], [11,6], [12,7], [11,8], [12,9], [13,10], [13,11], [13,12], [12,13], [12,14], [12,15], [12,16], [12,17], [12,18], [12,17], [12,18], [12,17], 
# Episode 97 (Trapped)
[12,2], [12,3], [11,4], [12,3], [11,4], [10,5], [9,6], [10,7], [11,8], [12,9], [13,10], [13,11], [12,12], [13,13], [12,14], [12,15], [12,16], [12,17], [13,18], [13,17], [13,18], [13,17], [13,18], 
# Episode 98 (Trapped)
[12,2], [12,3], [11,4], [10,5], [9,6], [10,7], [11,8], [12,9], [13,10], [13,11], [12,12], [13,13], [12,14], [12,15], [12,16], [12,17], [13,18], [13,17], [13,18], [13,17], [13,18], 
# Episode 99 (Trapped)
[12,2], [12,3], [11,4], [10,5], [9,6], [10,7], [11,8], [12,9], [13,10], [13,11], [12,12], [13,13], [12,14], [12,15], [12,16], [12,17], [13,18], [13,17], [13,18], [13,17], [13,18], 
# Episode 100 (Trapped)
[12,2], [12,3], [11,4], [10,5], [9,6], [10,7], [11,8], [12,9], [13,10], [13,11], [12,12], [13,13], [12,14], [12,15], [12,16], [12,17], [13,18], [13,17], [13,18], [13,17], [13,18], 
