# Episode 1
[1,1], [2,2], [3,2], [4,3], [5,4], [6,5], [7,6], [8,6], [9,7], [10,8], [11,9], [12,10], [12,11], [13,12], [14,13], [15,14], [16,14], [17,15], [18,16], [18,17], [19,18], [20,18], [1,1], 
# Episode 2
[1,1], [2,2], [3,2], [4,3], [5,4], [6,5], [7,6], [8,6], [9,7], [10,7], [11,8], [12,9], [12,10], [12,11], [13,12], [14,13], [15,14], [16,14], [17,15], [18,16], [18,17], [19,18], [20,18], [1,1], 
# Episode 3
[1,1], [2,2], [3,2], [4,3], [5,4], [6,5], [7,6], [8,6], [9,6], [10,7], [11,8], [12,9], [12,10], [12,11], [13,12], [14,13], [15,14], [16,14], [17,15], [18,16], [18,17], [19,18], [20,18], [1,1], 
# Episode 4
[1,1], [2,2], [3,2], [4,3], [5,4], [6,5], [7,6], [8,7], [8,8], [9,8], [10,8], [11,8], [12,9], [12,10], [12,11], [13,12], [14,13], [15,14], [16,14], [17,15], [18,16], [18,17], [19,18], [20,18], [1,1], 
# Episode 5
[1,1], [2,2], [3,2], [4,3], [5,4], [6,5], [7,6], [8,7], [8,8], [9,8], [10,8], [11,9], [12,10], [12,11], [13,12], [14,13], [15,14], [16,14], [17,15], [18,16], [18,17], [19,18], [20,18], [1,1], 
# Episode 6
[1,1], [2,2], [3,2], [4,3], [5,4], [6,5], [7,6], [8,7], [9,8], [10,8], [11,9], [12,10], [12,11], [13,12], [14,13], [15,14], [16,14], [17,15], [18,16], [18,17], [19,18], [20,18], [1,1], 
# Episode 7
[1,1], [2,2], [3,2], [4,3], [5,4], [6,5], [7,6], [8,7], [9,8], [10,8], [11,9], [12,10], [12,11], [13,12], [14,13], [15,14], [16,14], [17,15], [18,16], [18,17], [19,18], [20,18], [1,1], 
# Episode 8
[1,1], [2,2], [3,2], [4,3], [5,4], [6,5], [7,6], [8,7], [9,8], [10,8], [11,9], [12,9], [12,10], [12,11], [13,12], [14,13], [15,14], [16,14], [17,15], [18,16], [18,17], [19,18], [20,18], [1,1], 
# Episode 9
[1,1], [2,2], [3,2], [4,3], [5,4], [6,5], [7,6], [8,7], [9,8], [10,8], [11,9], [12,10], [12,11], [13,12], [14,13], [15,14], [16,14], [17,15], [18,16], [18,17], [19,18], [20,18], [1,1], 
# Episode 10
[1,1], [2,2], [3,2], [4,3], [5,4], [6,5], [7,6], [8,7], [9,8], [10,8], [11,9], [12,10], [12,11], [13,12], [14,13], [15,14], [16,14], [17,15], [18,16], [18,17], [19,18], [20,18], [1,1], 
# Episode 11
[1,1], [2,2], [3,2], [4,3], [5,4], [6,5], [7,6], [8,7], [9,8], [10,8], [11,9], [12,10], [12,11], [13,12], [14,13], [15,14], [16,14], [17,15], [18,16], [18,17], [19,18], [20,18], [1,1], 
# Episode 12
[1,1], [2,2], [3,2], [4,3], [5,4], [6,5], [7,6], [8,7], [9,8], [10,8], [11,9], [12,10], [12,11], [13,12], [14,13], [15,14], [16,14], [17,15], [18,16], [18,17], [19,18], [20,18], [1,1], 
# Episode 13
[1,1], [2,2], [3,2], [4,3], [5,4], [6,5], [7,6], [8,7], [9,8], [10,8], [11,9], [12,10], [12,11], [13,12], [14,13], [15,14], [16,14], [17,15], [18,16], [18,17], [19,18], [20,18], [1,1], 
# Episode 14
[1,1], [2,2], [3,2], [4,3], [5,4], [6,5], [7,6], [8,7], [8,8], [9,8], [10,8], [11,9], [12,8], [12,9], [12,10], [12,11], [13,12], [14,13], [15,14], [16,14], [17,15], [18,16], [18,17], [19,18], [20,18], [1,1], 
# Episode 15
[1,1], [2,2], [3,2], [4,3], [5,4], [6,5], [7,6], [8,7], [8,8], [9,8], [10,8], [11,8], [12,9], [12,10], [12,11], [13,12], [14,13], [15,14], [16,14], [17,15], [18,16], [18,17], [19,18], [20,18], [1,1], 
# Episode 16
[1,1], [2,2], [3,2], [4,3], [5,4], [6,5], [7,6], [8,6], [9,6], [10,7], [11,8], [12,9], [12,10], [12,11], [13,12], [14,13], [15,14], [16,14], [17,15], [18,16], [18,17], [19,18], [20,18], [1,1], 
# Episode 17
[1,1], [2,2], [3,2], [4,3], [5,4], [6,5], [7,6], [8,6], [9,7], [10,7], [11,8], [12,9], [12,10], [12,11], [13,12], [14,13], [15,14], [16,14], [17,15], [18,16], [18,17], [19,18], [20,18], [1,1], 
# Episode 18
[1,1], [2,2], [3,2], [4,3], [5,4], [6,5], [7,6], [8,6], [9,7], [10,8], [11,9], [12,10], [12,11], [13,12], [14,13], [15,14], [16,14], [17,15], [18,16], [18,17], [19,18], [20,18], [1,1], 
# Episode 19
[1,1], [2,2], [3,2], [4,3], [5,4], [6,5], [7,6], [8,6], [9,7], [10,8], [11,9], [12,10], [12,11], [13,12], [14,13], [15,14], [16,14], [17,15], [18,16], [18,17], [19,18], [20,18], [1,1], 
# Episode 20
[1,1], [2,2], [3,2], [4,3], [5,4], [6,5], [7,6], [8,6], [9,7], [10,7], [11,8], [12,9], [12,10], [12,11], [13,12], [14,13], [15,14], [16,14], [17,15], [18,16], [18,17], [19,18], [20,18], [1,1], 
