# Episode 1 (Trapped)
[2,4], [3,4], [4,4], [5,4], [6,4], [7,4], [8,4], [9,4], [9,5], [10,5], [9,6], [10,6], [9,7], [8,8], [9,8], [10,8], [11,8], [12,8], [13,8], [14,8], [13,9], [13,8], [14,8], [13,9], [13,8], 
# Episode 2 (Trapped)
[2,4], [3,4], [4,4], [5,4], [6,4], [7,4], [8,4], [9,4], [9,5], [8,6], [9,6], [10,6], [9,7], [10,7], [9,8], [10,8], [11,8], [12,8], [13,8], [14,8], [13,9], [13,8], [14,8], [13,9], [13,8], 
# Episode 3 (Collision)
[2,4], [3,4], [4,4], [5,4], [6,4], [7,4], [8,4], [9,4], [9,5], [10,5], 
# Episode 4 (Collision)
[2,4], [3,4], [4,4], [5,4], [6,4], [7,4], [8,4], [9,4], [10,5], 
# Episode 5 (Collision)
[2,4], [3,4], [4,4], [5,4], [6,4], [7,4], [8,4], [9,4], [10,5], 
# Episode 6 (Collision)
[2,4], [3,4], [4,4], [5,4], [6,4], [7,4], [8,4], [9,4], [9,5], 
# Episode 7 (Collision)
[2,4], [3,4], [4,4], [5,4], [6,4], [7,4], [8,4], [9,5], 
# Episode 8 (Collision)
[2,4], [3,4], [4,4], [5,4], [6,4], [7,4], [8,4], [9,5], 
# Episode 9 (Collision)
[2,4], [3,4], [4,4], [5,4], [6,4], [7,4], [8,4], [9,5], 
# Episode 10 (Collision)
[2,4], [3,4], [4,4], [5,4], [6,4], [7,4], [8,4], [8,5], [9,6], 
# Episode 11 (Collision)
[2,4], [3,4], [4,4], [5,4], [6,4], [7,4], [8,4], [8,5], [9,6], 
# Episode 12 (Trapped)
[2,4], [3,4], [4,4], [5,4], [6,4], [7,4], [8,4], [9,4], [10,4], [10,5], [10,4], [10,5], [10,4], 
# Episode 13 (Collision)
[2,4], [3,4], [4,4], [5,4], [6,4], [7,4], [8,4], [8,5], [9,6], 
# Episode 14 (Collision)
[2,4], [3,4], [4,4], [5,4], [6,4], [7,4], [8,4], [8,5], [9,6], 
# Episode 15 (Trapped)
[2,4], [3,4], [4,4], [5,4], [6,4], [7,4], [8,4], [9,4], [9,5], [10,5], [10,4], [9,5], [10,5], [10,4], [9,5], 
# Episode 16 (Trapped)
[2,4], [3,4], [4,4], [5,4], [6,4], [7,4], [8,4], [9,4], [9,5], [10,5], [11,5], [12,5], [13,5], [14,5], [14,4], [14,3], [13,4], [12,5], [13,5], [14,5], [14,4], [14,3], [13,4], [14,4], 
# Episode 17 (Trapped)
[2,4], [3,4], [4,4], [5,4], [6,4], [7,4], [8,4], [9,4], [10,4], [10,5], [11,5], [12,5], [13,5], [14,5], [14,4], [14,3], [13,4], [14,4], [14,3], [13,4], [14,4], 
# Episode 18 (Collision)
[2,4], [3,4], [4,4], [5,4], [6,4], [7,4], [8,4], [9,4], [10,4], [11,4], [10,5], [11,6], 
# Episode 19 (Collision)
[2,4], [3,4], [4,4], [5,4], [6,4], [7,4], [8,4], [9,4], [10,4], [11,4], [10,5], [11,6], 
# Episode 20 (Collision)
[2,4], [3,4], [4,4], [5,4], [6,4], [7,4], [8,4], [9,4], [9,5], [10,5], [9,6], [10,6], [11,6], [12,6], 
# Episode 21 (Collision)
[2,4], [3,4], [4,4], [5,4], [6,4], [7,4], [8,4], [9,4], [9,5], [10,5], [11,5], [12,5], 
# Episode 22 (Collision)
[2,4], [3,4], [4,4], [5,4], [6,4], [7,4], [8,4], [9,4], [9,5], [10,5], [11,5], [12,5], 
# Episode 23 (Collision)
[2,4], [3,4], [4,4], [5,4], [6,4], [7,4], [8,4], [9,4], [9,5], [10,5], [11,5], [12,5], 
# Episode 24 (Trapped)
[2,4], [3,4], [4,4], [5,4], [6,4], [7,4], [8,4], [9,4], [9,5], [10,5], [9,6], [10,6], [11,6], [10,7], [9,8], [10,8], [11,8], [12,8], [13,8], [14,8], [13,9], [13,8], [14,8], [13,9], [13,8], 
# Episode 25 (Trapped)
[2,4], [3,4], [4,4], [5,4], [6,4], [7,4], [8,4], [9,4], [8,5], [9,5], [9,6], [8,7], [9,7], [8,8], [9,8], [10,8], [11,8], [12,8], [13,8], [14,8], [13,9], [13,8], [14,8], [13,9], [13,8], 
# Episode 26 (Trapped)
[2,4], [3,4], [4,4], [5,4], [6,4], [7,4], [8,4], [9,4], [9,5], [8,6], [9,6], [8,7], [9,7], [8,8], [9,8], [10,8], [11,8], [12,8], [13,8], [14,8], [13,9], [13,8], [14,8], [13,9], [13,8], 
# Episode 27 (Collision)
[2,4], [3,4], [4,4], [5,4], [6,4], [7,4], [8,4], [9,4], 
# Episode 28 (Collision)
[2,4], [3,4], [4,4], [5,4], [6,4], [7,4], [8,4], [9,4], 
# Episode 29 (Collision)
[2,4], [3,4], [4,4], [5,4], [6,4], [7,4], [8,4], 
# Episode 30 (Collision)
[2,4], [3,4], [4,4], [5,4], [6,4], [7,4], [8,4], 
# Episode 31 (Collision)
[2,4], [3,4], [4,4], [5,4], [6,4], [7,4], [8,4], 
# Episode 32 (Collision)
[2,4], [3,4], [4,4], [5,4], [6,4], [7,4], [8,4], 
# Episode 33 (Collision)
[2,4], [3,4], [4,4], [5,4], [6,4], [7,4], [8,4], 
# Episode 34 (Collision)
[2,4], [3,4], [4,4], [5,4], [6,4], [7,4], [7,5], [8,6], 
# Episode 35 (Collision)
[2,4], [3,4], [4,4], [5,4], [6,4], [7,4], [7,5], [8,6], 
# Episode 36 (Collision)
[2,4], [3,4], [4,4], [5,4], [6,4], [7,4], [8,4], [9,5], 
# Episode 37 (Collision)
[2,4], [3,4], [4,4], [5,4], [6,4], [7,4], [8,4], [9,5], 
# Episode 38 (Collision)
[2,4], [3,4], [4,4], [5,4], [6,4], [7,4], [8,4], [9,5], 
# Episode 39 (Collision)
[2,4], [3,4], [4,4], [5,4], [6,4], [7,4], [8,4], [9,5], [9,6], [10,7], 
# Episode 40 (Trapped)
[2,4], [3,4], [4,4], [5,4], [6,4], [7,4], [8,4], [9,4], [10,4], [10,5], [11,5], [12,5], [13,5], [14,5], [14,4], [14,3], [13,4], [14,4], [14,3], [13,4], [14,4], 
# Episode 41 (Trapped)
[2,4], [3,4], [4,4], [5,4], [6,4], [7,4], [8,4], [9,4], [10,4], [11,4], [11,3], [10,4], [11,4], [11,3], [10,4], 
# Episode 42 (Collision)
[2,4], [3,4], [4,4], [5,4], [6,4], [7,4], [8,4], [9,4], [9,5], [10,5], [10,6], [11,7], 
# Episode 43 (Trapped)
[2,4], [3,4], [4,4], [5,4], [6,4], [7,4], [8,4], [9,4], [9,5], [10,5], [9,6], [10,6], [11,6], [12,6], [13,6], [14,6], [14,5], [14,4], [14,3], [13,4], [12,5], [12,4], [11,5], [12,5], [12,4], [11,5], [12,5], 
# Episode 44 (Collision)
[2,4], [3,4], [4,4], [5,4], [6,4], [7,4], [8,4], [9,4], [9,5], [10,5], [9,6], [10,6], [11,6], [12,7], 
# Episode 45 (Collision)
[2,4], [3,4], [4,4], [5,4], [6,4], [7,4], [8,4], [9,4], [9,5], [10,5], [9,6], [10,6], [11,6], [12,7], 
# Episode 46 (Collision)
[2,4], [3,4], [4,4], [5,4], [6,4], [7,4], [8,4], [9,4], [9,5], [10,5], [11,6], 
# Episode 47 (Collision)
[2,4], [3,4], [4,4], [5,4], [6,4], [7,4], [8,4], [9,4], [10,4], [11,4], [10,5], [11,6], 
# Episode 48 (Collision)
[2,4], [3,4], [4,4], [5,4], [6,4], [7,4], [8,4], [9,4], [10,4], [11,4], [10,5], [11,6], 
# Episode 49 (Collision)
[2,4], [3,4], [4,4], [5,4], [6,4], [7,4], [8,4], [9,4], [10,4], [9,5], [10,5], 
# Episode 50 (Collision)
[2,4], [3,4], [4,4], [5,4], [6,4], [7,4], [8,4], [9,4], [10,5], 
# Episode 51 (Collision)
[2,4], [3,4], [4,4], [5,4], [6,4], [7,4], [8,4], [9,4], [10,5], 
# Episode 52 (Collision)
[2,4], [3,4], [4,4], [5,4], [6,4], [7,4], [8,4], [9,4], 
# Episode 53 (Collision)
[2,4], [3,4], [4,4], [5,4], [6,4], [7,4], [8,4], [9,4], 
# Episode 54 (Collision)
[2,4], [3,4], [4,4], [5,4], [6,4], [7,4], [8,4], [9,4], 
# Episode 55 (Collision)
[2,4], [3,4], [4,4], [5,4], [6,4], [7,4], [8,4], [9,4], 
# Episode 56 (Collision)
[2,4], [3,4], [4,4], [5,4], [6,4], [7,4], [8,4], 
# Episode 57 (Collision)
[2,4], [3,4], [4,4], [5,4], [6,4], [7,4], [8,4], 
# Episode 58 (Collision)
[2,4], [3,4], [4,4], [5,4], [6,4], [7,4], [8,4], 
# Episode 59 (Collision)
[2,4], [3,4], [4,4], [5,4], [6,4], [7,4], [8,4], 
# Episode 60 (Collision)
[2,4], [3,4], [4,4], [5,4], [6,4], [7,4], [8,4], 
# Episode 61 (Collision)
[2,4], [3,4], [4,4], [5,4], [6,4], [7,4], [8,4], 
# Episode 62 (Collision)
[2,4], [3,4], [4,4], [5,4], [6,4], [7,4], [8,4], [9,4], 
# Episode 63 (Collision)
[2,4], [3,4], [4,4], [5,4], [6,4], [7,4], [8,4], [9,4], 
# Episode 64 (Collision)
[2,4], [3,4], [4,4], [5,4], [6,4], [7,4], [8,4], [9,4], 
# Episode 65 (Collision)
[2,4], [3,4], [4,4], [5,4], [6,4], [7,4], [8,4], [9,4], 
# Episode 66 (Collision)
[2,4], [3,4], [4,4], [5,4], [6,4], [7,4], [8,4], [9,4], [10,4], 
# Episode 67 (Collision)
[2,4], [3,4], [4,4], [5,4], [6,4], [7,4], [8,4], [9,4], [10,4], 
# Episode 68 (Collision)
[2,4], [3,4], [4,4], [5,4], [6,4], [7,4], [8,4], [9,4], [9,5], [10,5], 
# Episode 69 (Trapped)
[2,4], [3,4], [4,4], [5,4], [6,4], [7,4], [8,4], [9,4], [8,5], [9,5], [9,6], [10,6], [9,7], [10,7], [9,8], [10,8], [9,9], [10,9], [10,8], [9,9], [10,9], [10,8], 
# Episode 70 (Collision)
[2,4], [3,4], [4,4], [5,4], [6,4], [7,4], [8,4], [9,4], [10,4], [9,5], [9,6], [10,6], [11,6], [12,6], 
# Episode 71 (Collision)
[2,4], [3,4], [4,4], [5,4], [6,4], [7,4], [8,4], [9,4], [9,5], [10,5], [9,6], [10,6], [11,6], [12,7], 
# Episode 72 (Collision)
[2,4], [3,4], [4,4], [5,4], [6,4], [7,4], [8,4], [9,4], [9,5], [10,5], [9,6], [10,6], [11,6], [12,6], [13,7], 
