# Episode 1 (Goal)
[2,4], [3,4], [4,4], [5,4], [6,5], [7,6], [8,7], [9,7], [10,8], [11,8], [12,9], [13,9], [14,9], [14,10], [14,11], [14,12], [14,13], [14,14], [15,15], [15,16], [16,17], [17,18], [18,19], [19,19], [20,20], [21,21], [22,22], [23,23], [23,24], [24,25], [25,26], [26,27], [27,28], [28,29], [29,30]
# Episode 2 (Goal)
[2,4], [3,4], [4,4], [5,4], [6,5], [7,6], [8,7], [9,7], [10,8], [11,8], [12,9], [13,9], [14,9], [15,10], [16,10], [17,11], [18,11], [19,12], [20,13], [21,14], [22,14], [23,15], [24,15], [25,16], [26,17], [27,18], [27,19], [28,20], [29,21], [30,22], [30,23], [30,24], [30,25], [30,26], [30,27], [30,28], [30,29]
# Episode 3 (Goal)
[2,4], [3,5], [4,5], [5,5], [6,5], [7,5], [8,6], [9,7], [10,8], [11,8], [12,8], [13,9], [14,9], [15,10], [16,10], [17,11], [18,12], [18,13], [18,14], [19,15], [19,16], [19,17], [20,18], [20,19], [21,20], [21,21], [21,22], [22,23], [23,24], [24,25], [25,26], [26,27], [27,28], [28,29], [29,30]
# Episode 4 (Collision)
[2,4], [3,5], [4,5], [5,5], [6,5], [7,6], [8,7]
# Episode 5 (Collision)
[2,4], [3,5], [4,5], [5,5], [6,5], [7,6], [8,7]
# Episode 6 (Collision)
[2,4], [3,5], [4,5], [5,5], [6,5], [7,6], [8,7]
# Episode 7 (Collision)
[2,4], [3,5], [4,5], [5,5], [6,5], [7,6], [8,7]
# Episode 8 (Collision)
[2,4], [3,5], [4,5], [5,5], [6,5], [7,6], [8,7]
# Episode 9 (Collision)
[2,4], [3,5], [4,5], [5,5], [6,5], [7,6], [8,7]
# Episode 10 (Collision)
[2,4], [3,5], [4,5], [5,5], [6,5], [7,6], [8,7]
# Episode 11 (Collision)
[2,4], [3,5], [4,5], [5,5], [6,5], [7,6], [8,7], [9,8]
# Episode 12 (Collision)
[2,4], [3,5], [4,5], [5,5], [6,5], [7,6], [8,7], [9,8]
# Episode 13 (Collision)
[2,4], [3,5], [4,5], [5,5], [6,5], [7,6], [8,7], [9,8]
# Episode 14 (Collision)
[2,4], [3,5], [4,5], [5,5], [6,5], [7,6], [8,7], [9,8], [10,9], [11,10], [12,10], [13,10], [14,11], [14,12], [15,13], [16,14], [17,15], [18,16]
# Episode 15 (Collision)
[2,4], [3,5], [4,5], [5,5], [6,5], [7,6], [8,7], [9,8], [10,9], [11,10], [12,10], [13,11], [14,12], [15,13], [16,14], [17,15], [18,16]
# Episode 16 (Collision)
[2,4], [3,5], [4,5], [5,5], [6,5], [7,6], [8,7], [9,8], [10,9], [11,10], [12,10], [13,11], [14,12], [15,13], [16,14], [17,15], [18,16]
# Episode 17 (Collision)
[2,4], [3,5], [4,5], [5,5], [6,5], [7,6], [8,7], [9,8], [10,9], [11,10], [12,10], [13,11], [14,12], [15,13], [16,14], [17,15], [18,16]
# Episode 18 (Collision)
[2,4], [3,5], [4,5], [5,5], [6,5], [7,6], [8,7], [9,8], [10,9], [11,10], [12,10], [13,11], [14,12], [15,13], [16,14], [17,15], [18,16]
# Episode 19 (Collision)
[2,4], [3,5], [4,5], [5,5], [6,5], [7,6], [8,7], [9,8], [10,9], [11,10], [12,10], [13,11], [14,12], [15,13], [16,14], [17,15], [18,16]
# Episode 20 (Collision)
[2,4], [3,5], [4,5], [5,5], [6,5], [7,6], [8,7], [9,8], [10,9], [11,10], [12,10], [13,11], [14,12], [15,13], [16,14], [17,15], [18,16]
# Episode 21 (Collision)
[2,4], [3,5], [4,5], [5,5], [6,5], [7,6], [8,7], [9,8], [10,9], [11,10], [12,10], [13,11], [14,12], [15,13], [16,14], [17,15], [18,16], [19,17]
# Episode 22 (Collision)
[2,4], [3,5], [4,5], [5,5], [6,5], [7,6], [8,7], [9,8], [10,9], [11,10], [12,10], [13,11], [14,12], [15,13], [16,14], [17,15], [18,16], [19,17]
# Episode 23 (Collision)
[2,4], [3,5], [4,5], [5,5], [6,5], [7,6], [8,7], [9,8], [10,9], [11,10], [12,10], [13,11], [14,12], [15,13], [16,14], [17,15], [18,16], [19,17]
# Episode 24 (Collision)
[2,4], [3,5], [4,5], [5,5], [6,5], [7,6], [8,7], [9,8], [10,9], [11,10], [12,10], [13,11], [14,12], [15,13], [16,14], [17,15], [18,16], [19,17]
# Episode 25 (Collision)
[2,4], [3,5], [4,5], [5,5], [6,5], [7,6], [8,7], [9,8], [10,9], [11,10], [12,10], [13,11], [14,12], [15,13], [16,14], [17,15], [18,16], [19,17], [20,18]
# Episode 26 (Collision)
[2,4], [3,5], [4,5], [5,5], [6,5], [7,6], [8,7], [9,8], [10,9], [11,10], [12,10], [13,11], [14,12], [15,13], [16,14], [17,15], [18,16], [19,17]
# Episode 27 (Collision)
[2,4], [3,5], [4,5], [5,5], [6,5], [7,6], [8,7], [9,8], [10,9], [11,10], [12,10], [13,11], [14,12], [15,13], [16,14], [17,15], [18,16], [19,17]
# Episode 28 (Collision)
[2,4], [3,5], [4,5], [5,5], [6,5], [7,6], [8,7], [9,8], [10,9], [11,10], [12,10], [13,11], [14,12], [15,13], [16,14], [17,15], [18,16], [19,17]
# Episode 29 (Collision)
[2,4], [3,5], [4,5], [5,5], [6,5], [7,6], [8,7], [9,8], [10,9], [11,10], [12,10], [13,11], [14,12], [15,13], [16,14], [17,15], [18,16]
# Episode 30 (Collision)
[2,4], [3,5], [4,5], [5,5], [6,5], [7,6], [8,7], [9,8], [10,9], [11,10], [12,10], [13,11], [14,12], [15,13], [16,14], [17,15], [18,16]
# Episode 31 (Collision)
[2,4], [3,5], [4,5], [5,5], [6,5], [7,6], [8,7], [9,8], [10,9], [11,10], [12,10], [13,11], [14,12], [15,13], [16,14], [17,15], [18,16]
# Episode 32 (Collision)
[2,4], [3,5], [4,5], [5,5], [6,5], [7,6], [8,7], [9,8], [10,9], [11,10], [12,10], [13,11], [14,12], [15,13], [16,14], [17,15], [18,16]
# Episode 33 (Collision)
[2,4], [3,5], [4,5], [5,5], [6,5], [7,6], [8,7], [9,8], [10,9], [11,10], [12,10], [13,11], [14,12], [15,13], [16,14], [17,15], [18,16]
# Episode 34 (Collision)
[2,4], [3,5], [4,5], [5,5], [6,5], [7,6], [8,7], [9,8], [10,9], [11,10], [12,10], [13,11], [14,12], [15,13], [16,14], [17,15], [18,16]
# Episode 35 (Collision)
[2,4], [3,5], [4,5], [5,5], [6,5], [7,6], [8,7], [9,8], [10,9], [11,10], [12,10], [13,11], [14,12], [15,13], [16,14], [17,15], [18,16]
# Episode 36 (Goal)
[2,4], [3,5], [4,5], [5,5], [6,5], [7,6], [8,7], [9,8], [10,9], [11,10], [12,10], [13,11], [14,12], [15,13], [16,14], [17,15], [18,16], [19,17], [20,18], [21,19], [21,20], [21,21], [22,22], [23,23], [24,24], [25,25], [26,26], [27,27], [28,28], [29,29]
# Episode 37 (Goal)
[2,4], [3,5], [4,5], [5,5], [6,5], [7,5], [8,6], [9,7], [10,8], [11,8], [12,8], [13,9], [14,9], [15,10], [16,10], [17,11], [18,12], [18,13], [18,14], [19,15], [19,16], [19,17], [20,18], [20,19], [21,20], [21,21], [21,22], [22,23], [23,24], [24,25], [25,26], [26,27], [27,28], [28,29], [29,30]
# Episode 38 (Goal)
[2,4], [3,5], [4,5], [5,5], [6,5], [7,6], [8,7], [9,8], [10,9], [11,10], [12,10], [13,10], [14,11], [14,12], [15,13], [16,14], [17,15], [18,16], [19,17], [20,18], [21,19], [21,20], [21,21], [22,22], [23,23], [24,24], [25,25], [26,26], [27,27], [28,28], [29,29]
# Episode 39 (Goal)
[2,4], [3,5], [4,5], [5,5], [6,5], [7,5], [8,6], [9,7], [10,8], [11,8], [12,8], [13,9], [14,9], [15,10], [16,10], [17,11], [18,12], [18,13], [18,14], [19,15], [19,16], [19,17], [20,18], [20,19], [21,20], [21,21], [21,22], [22,23], [23,24], [24,25], [25,26], [26,27], [27,28], [28,29], [29,30]
# Episode 40 (Goal)
[2,4], [3,5], [4,5], [5,5], [6,5], [7,6], [8,7], [9,8], [10,9], [11,10], [12,10], [13,10], [14,11], [14,12], [15,13], [16,14], [17,15], [18,16], [19,17], [20,18], [21,19], [21,20], [21,21], [22,22], [23,23], [24,24], [25,25], [26,26], [27,27], [28,28], [29,29]
# Episode 41 (Goal)
[2,4], [3,5], [4,5], [5,5], [6,5], [7,5], [8,6], [9,7], [10,8], [11,8], [12,8], [13,9], [14,9], [15,10], [16,10], [17,11], [18,12], [18,13], [18,14], [19,15], [19,16], [19,17], [20,18], [20,19], [21,20], [21,21], [21,22], [22,23], [23,24], [24,25], [25,26], [26,27], [27,28], [28,29], [29,30]
# Episode 42 (Goal)
[2,4], [3,5], [4,5], [5,5], [6,5], [7,6], [8,7], [9,8], [10,9], [11,10], [12,10], [13,10], [14,11], [14,12], [15,13], [16,14], [17,15], [18,16], [19,17], [20,18], [21,19], [21,20], [21,21], [22,22], [23,23], [24,24], [25,25], [26,26], [27,27], [28,28], [29,29]
# Episode 43 (Goal)
[2,4], [3,5], [4,5], [5,5], [6,5], [7,5], [8,6], [9,7], [10,8], [11,8], [12,8], [13,9], [14,9], [15,10], [16,10], [17,11], [18,12], [18,13], [18,14], [19,15], [19,16], [19,17], [20,18], [20,19], [21,20], [21,21], [21,22], [22,23], [23,24], [24,25], [25,26], [26,27], [27,28], [28,29], [29,30]
# Episode 44 (Goal)
[2,4], [3,5], [4,5], [5,5], [6,5], [7,6], [8,7], [9,8], [10,9], [11,10], [12,10], [13,10], [14,11], [14,12], [15,13], [16,14], [17,15], [18,16], [19,17], [20,18], [21,19], [21,20], [21,21], [22,22], [23,23], [24,24], [25,25], [26,26], [27,27], [28,28], [29,29]
# Episode 45 (Collision)
[2,4], [3,5], [4,5], [5,5], [6,5], [7,5], [8,6], [9,7], [10,8]
# Episode 46 (Collision)
[2,4], [3,5], [4,5], [5,5], [6,5], [7,6], [8,7], [9,7], [10,8]
# Episode 47 (Collision)
[2,4], [3,5], [4,5], [5,5], [6,5], [7,6], [8,7], [9,7], [10,8]
# Episode 48 (Goal)
[2,4], [3,5], [4,5], [5,5], [6,5], [7,6], [8,7], [9,7], [10,8], [11,8], [12,8], [13,9], [14,9], [15,10], [16,10], [17,11], [18,12], [18,13], [18,14], [19,15], [19,16], [19,17], [20,18], [20,19], [21,20], [21,21], [21,22], [22,23], [23,24], [24,25], [25,26], [26,27], [27,28], [28,29], [29,30]
# Episode 49 (Goal)
[2,4], [3,5], [4,5], [5,5], [6,5], [7,6], [8,7], [9,8], [10,9], [11,10], [12,10], [13,10], [14,11], [14,12], [15,13], [16,14], [17,15], [18,16], [19,17], [20,18], [21,19], [21,20], [21,21], [22,22], [23,23], [24,24], [25,25], [26,26], [27,27], [28,28], [29,29]
# Episode 50 (Goal)
[2,4], [3,5], [4,5], [5,5], [6,5], [7,5], [8,6], [9,7], [10,8], [11,8], [12,8], [13,9], [14,9], [15,10], [16,10], [17,11], [18,12], [18,13], [18,14], [19,15], [19,16], [19,17], [20,18], [20,19], [21,20], [21,21], [21,22], [22,23], [23,24], [24,25], [25,26], [26,27], [27,28], [28,29], [29,30]
# Episode 51 (Collision)
[2,4], [3,5], [4,5], [5,5], [6,5], [7,6], [8,7], [9,8], [10,9], [11,10], [12,10], [13,10], [14,11], [14,12], [15,13], [16,14], [17,15], [18,16]
# Episode 52 (Collision)
[2,4], [3,5], [4,5], [5,5], [6,5], [7,6], [8,7], [9,8], [10,9], [11,10], [12,10], [13,11], [14,12], [15,13], [16,14], [17,15], [18,16]
# Episode 53 (Collision)
[2,4], [3,5], [4,5], [5,5], [6,5], [7,6], [8,7], [9,8], [10,9], [11,10], [12,10], [13,11], [14,12], [15,13], [16,14], [17,15], [18,16]
# Episode 54 (Collision)
[2,4], [3,5], [4,5], [5,5], [6,5], [7,6], [8,7], [9,8], [10,9], [11,10], [12,10], [13,11], [14,12], [15,13], [16,14], [17,15], [18,16]
# Episode 55 (Collision)
[2,4], [3,5], [4,5], [5,5], [6,5], [7,6], [8,7], [9,8], [10,9], [11,10], [12,10], [13,11], [14,12], [15,13], [16,14], [17,15], [18,16], [19,17]
# Episode 56 (Collision)
[2,4], [3,5], [4,5], [5,5], [6,5], [7,6], [8,7], [9,8], [10,9], [11,10], [12,10], [13,11], [14,12], [15,13], [16,14], [17,15], [18,16], [19,17]
# Episode 57 (Collision)
[2,4], [3,5], [4,5], [5,5], [6,5], [7,6], [8,7], [9,8], [10,9], [11,10], [12,10], [13,11], [14,12], [15,13], [16,14], [17,15], [18,16], [19,17]
# Episode 58 (Collision)
[2,4], [3,5], [4,5], [5,5], [6,5], [7,6], [8,7], [9,8], [10,9], [11,10], [12,10], [13,11], [14,12], [15,13], [16,14], [17,15], [18,16], [19,17], [20,18]
# Episode 59 (Collision)
[2,4], [3,5], [4,5], [5,5], [6,5], [7,6], [8,7], [9,8], [10,9], [11,10], [12,10], [13,11], [14,12], [15,13], [16,14], [17,15], [18,16], [19,17]
# Episode 60 (Collision)
[2,4], [3,5], [4,5], [5,5], [6,5], [7,6], [8,7], [9,8], [10,9], [11,10], [12,10], [13,11], [14,12], [15,13], [16,14], [17,15], [18,16], [19,17]
# Episode 61 (Collision)
[2,4], [3,5], [4,5], [5,5], [6,5], [7,6], [8,7], [9,8]
# Episode 62 (Collision)
[2,4], [3,5], [4,5], [5,5], [6,5], [7,6], [8,7], [9,8]
# Episode 63 (Collision)
[2,4], [3,5], [4,5], [5,5], [6,5], [7,6], [8,7], [9,8]
# Episode 64 (Collision)
[2,4], [3,5], [4,5], [5,5], [6,5], [7,6], [8,7]
# Episode 65 (Collision)
[2,4], [3,5], [4,5], [5,5], [6,5], [7,6], [8,7]
# Episode 66 (Collision)
[2,4], [3,5], [4,5], [5,5], [6,5], [7,6], [8,7]
# Episode 67 (Collision)
[2,4], [3,5], [4,5], [5,5], [6,5], [7,6], [8,7]
# Episode 68 (Collision)
[2,4], [3,5], [4,5], [5,5], [6,5], [7,6], [8,7]
# Episode 69 (Collision)
[2,4], [3,5], [4,5], [5,5], [6,5], [7,6], [8,7]
# Episode 70 (Collision)
[2,4], [3,5], [4,5], [5,5], [6,5], [7,6], [8,7], [9,8]
# Episode 71 (Collision)
[2,4], [3,5], [4,5], [5,5], [6,5], [7,6], [8,7], [9,8], [10,9], [11,10], [12,10], [13,11], [14,12], [15,13], [16,14], [17,15], [18,16]
# Episode 72 (Collision)
[2,4], [3,5], [4,5], [5,5], [6,5], [7,6], [8,7], [9,8], [10,9], [11,10], [12,10], [13,11], [14,12], [15,13], [16,14], [17,15], [18,16]
# Episode 73 (Collision)
[2,4], [3,5], [4,5], [5,5], [6,5], [7,6], [8,7], [9,8], [10,9], [11,10], [12,10], [13,11], [14,12], [15,13], [16,14], [17,15], [18,16]
# Episode 74 (Collision)
[2,4], [3,5], [4,5], [5,5], [6,5], [7,6], [8,7], [9,8], [10,9], [11,10], [12,10], [13,11], [14,12], [15,13], [16,14], [17,15], [18,16]
# Episode 75 (Collision)
[2,4], [3,5], [4,5], [5,5], [6,5], [7,6], [8,7], [9,8], [10,9], [11,10], [12,10], [13,11], [14,12], [15,13], [16,14], [17,15], [18,16]
# Episode 76 (Goal)
[2,4], [3,5], [4,5], [5,5], [6,5], [7,6], [8,7], [9,8], [10,9], [11,10], [12,10], [13,11], [14,12], [15,13], [16,14], [17,15], [18,16], [19,17], [20,18], [21,19], [21,20], [21,21], [22,22], [23,23], [24,24], [25,25], [26,26], [27,27], [28,28], [29,29]
# Episode 77 (Goal)
[2,4], [3,5], [4,5], [5,5], [6,5], [7,5], [8,6], [9,7], [10,8], [11,8], [12,8], [13,9], [14,9], [15,10], [16,10], [17,11], [18,12], [18,13], [18,14], [19,15], [19,16], [19,17], [20,18], [20,19], [21,20], [21,21], [21,22], [22,23], [23,24], [24,25], [25,26], [26,27], [27,28], [28,29], [29,30]
# Episode 78 (Goal)
[2,4], [3,5], [4,5], [5,5], [6,5], [7,6], [8,7], [9,8], [10,9], [11,10], [12,10], [13,10], [14,11], [14,12], [15,13], [16,14], [17,15], [18,16], [19,17], [20,18], [21,19], [21,20], [21,21], [22,22], [23,23], [24,24], [25,25], [26,26], [27,27], [28,28], [29,29]
# Episode 79 (Goal)
[2,4], [3,5], [4,5], [5,5], [6,5], [7,5], [8,6], [9,7], [10,8], [11,8], [12,8], [13,9], [14,9], [15,10], [16,10], [17,11], [18,12], [18,13], [18,14], [19,15], [19,16], [19,17], [20,18], [20,19], [21,20], [21,21], [21,22], [22,23], [23,24], [24,25], [25,26], [26,27], [27,28], [28,29], [29,30]
# Episode 80 (Goal)
[2,4], [3,5], [4,5], [5,5], [6,5], [7,6], [8,7], [9,8], [10,9], [11,10], [12,10], [13,10], [14,11], [14,12], [15,13], [16,14], [17,15], [18,16], [19,17], [20,18], [21,19], [21,20], [21,21], [22,22], [23,23], [24,24], [25,25], [26,26], [27,27], [28,28], [29,29]
# Episode 81 (Collision)
[2,4], [3,5], [4,5], [5,5], [6,5], [7,5], [8,6]
# Episode 82 (Collision)
[2,4], [3,5], [4,5], [5,5], [6,5], [7,6], [8,7]
# Episode 83 (Collision)
[2,4], [3,5], [4,5], [5,5], [6,5], [7,6], [8,7], [9,7]
# Episode 84 (Collision)
[2,4], [3,5], [4,5], [5,5], [6,5], [7,6], [8,7], [9,7]
# Episode 85 (Collision)
[2,4], [3,5], [4,5], [5,5], [6,5], [7,6], [8,7], [9,7]
# Episode 86 (Collision)
[2,4], [3,5], [4,5], [5,5], [6,5], [7,6], [8,7], [9,7], [10,8]
# Episode 87 (Collision)
[2,4], [3,5], [4,5], [5,5], [6,5], [7,6], [8,7], [9,7], [10,8]
# Episode 88 (Collision)
[2,4], [3,5], [4,5], [5,5], [6,5], [7,6], [8,7], [9,7], [10,8]
# Episode 89 (Collision)
[2,4], [3,5], [4,5], [5,5], [6,5], [7,6], [8,7], [9,7], [10,8], [11,8]
# Episode 90 (Collision)
[2,4], [3,5], [4,5], [5,5], [6,5], [7,6], [8,7], [9,7], [10,8], [11,8]
# Episode 91 (Collision)
[2,4], [3,5], [4,5], [5,5], [6,5], [7,6], [8,7], [9,7], [10,8], [11,8]
# Episode 92 (Goal)
[2,4], [3,5], [4,5], [5,5], [6,5], [7,6], [8,7], [9,7], [10,8], [11,8], [12,8], [13,9], [14,9], [15,10], [16,10], [17,11], [18,12], [18,13], [18,14], [19,15], [19,16], [19,17], [20,18], [20,19], [21,20], [21,21], [21,22], [22,23], [23,24], [24,25], [25,26], [26,27], [27,28], [28,29], [29,30]
# Episode 93 (Goal)
[2,4], [3,5], [4,5], [5,5], [6,5], [7,6], [8,7], [9,8], [10,9], [11,10], [12,10], [13,10], [14,11], [14,12], [15,13], [16,14], [17,15], [18,16], [19,17], [20,18], [21,19], [21,20], [21,21], [22,22], [23,23], [24,24], [25,25], [26,26], [27,27], [28,28], [29,29]
# Episode 94 (Goal)
[2,4], [3,5], [4,5], [5,5], [6,5], [7,5], [8,6], [9,7], [10,8], [11,8], [12,8], [13,9], [14,9], [15,10], [16,10], [17,11], [18,12], [18,13], [18,14], [19,15], [19,16], [19,17], [20,18], [20,19], [21,20], [21,21], [21,22], [22,23], [23,24], [24,25], [25,26], [26,27], [27,28], [28,29], [29,30]
# Episode 95 (Goal)
[2,4], [3,5], [4,5], [5,5], [6,5], [7,6], [8,7], [9,8], [10,9], [11,10], [12,10], [13,10], [14,11], [14,12], [15,13], [16,14], [17,15], [18,16], [19,17], [20,18], [21,19], [21,20], [21,21], [22,22], [23,23], [24,24], [25,25], [26,26], [27,27], [28,28], [29,29]
# Episode 96 (Goal)
[2,4], [3,5], [4,5], [5,5], [6,5], [7,5], [8,6], [9,7], [10,8], [11,8], [12,8], [13,9], [14,9], [15,10], [16,10], [17,11], [18,12], [18,13], [18,14], [19,15], [19,16], [19,17], [20,18], [20,19], [21,20], [21,21], [21,22], [22,23], [23,24], [24,25], [25,26], [26,27], [27,28], [28,29], [29,30]
# Episode 97 (Collision)
[2,4], [3,5], [4,5], [5,5], [6,5], [7,6], [8,7], [9,8], [10,9], [11,10], [12,10], [13,10], [14,11], [14,12], [15,13], [16,14], [17,15], [18,16]
# Episode 98 (Collision)
[2,4], [3,5], [4,5], [5,5], [6,5], [7,6], [8,7], [9,8], [10,9], [11,10], [12,10], [13,11], [14,12], [15,13], [16,14], [17,15], [18,16]
# Episode 99 (Collision)
[2,4], [3,5], [4,5], [5,5], [6,5], [7,6], [8,7], [9,8], [10,9], [11,10], [12,10], [13,11], [14,12], [15,13], [16,14], [17,15], [18,16]
# Episode 100 (Collision)
[2,4], [3,5], [4,5], [5,5], [6,5], [7,6], [8,7], [9,8], [10,9], [11,10], [12,10], [13,11], [14,12], [15,13], [16,14], [17,15], [18,16]
