# Episode 1 (Collision)
[8,3], [8,4], [8,5], [8,6], [8,7], [8,8], [8,9], [8,10], [8,11], [8,12], [8,13], [9,14], [9,15], [10,16], [10,17], [11,18], [11,19], [11,20], [12,21], [12,22], [12,23]
# Episode 2 (Collision)
[8,3], [8,4], [8,5], [8,6], [8,7], [8,8], [8,9], [8,10], [8,11], [8,12], [8,13], [8,14], [8,15], [9,16], [9,17], [9,18], [10,19], [10,20], [11,21], [11,22], [11,23], [12,24]
# Episode 3 (Collision)
[8,3], [8,4], [8,5], [8,6], [8,7], [8,8], [8,9], [8,10], [8,11], [8,12], [8,13], [8,14], [8,15], [9,16], [9,17], [9,18], [10,19], [10,20], [11,21], [11,22], [11,23], [12,24]
# Episode 4 (Collision)
[8,3], [8,4], [8,5], [8,6], [8,7], [8,8], [8,9], [8,10], [8,11], [8,12], [8,13], [8,14], [8,15], [9,16]
# Episode 5 (Collision)
[8,3], [8,4], [8,5], [8,6], [8,7], [8,8], [8,9], [8,10], [8,11], [8,12], [8,13], [8,14], [8,15], [9,16]
# Episode 6 (Collision)
[8,3], [8,4], [8,5], [8,6], [8,7], [8,8], [8,9], [8,10], [8,11]
# Episode 7 (Collision)
[8,3], [8,4], [8,5], [8,6], [8,7], [8,8], [8,9], [8,10]
# Episode 8 (Collision)
[8,3], [8,4], [8,5], [8,6], [8,7], [8,8], [8,9], [8,10]
# Episode 9 (Collision)
[8,3], [8,4], [8,5], [8,6], [8,7], [8,8], [8,9], [8,10]
# Episode 10 (Collision)
[8,3], [8,4], [8,5], [8,6], [8,7], [8,8], [8,9], [8,10]
# Episode 11 (Collision)
[8,3], [8,4], [8,5], [8,6], [8,7], [8,8], [8,9], [8,10]
# Episode 12 (Collision)
[8,3], [8,4], [8,5], [8,6], [8,7], [8,8], [8,9], [8,10]
# Episode 13 (Collision)
[8,3], [8,4], [8,5], [8,6], [8,7], [8,8], [8,9], [8,10]
# Episode 14 (Collision)
[8,3], [8,4], [8,5], [8,6], [8,7], [8,8], [8,9], [8,10]
# Episode 15 (Collision)
[8,3], [8,4], [8,5], [8,6], [8,7], [8,8], [8,9], [8,10]
# Episode 16 (Collision)
[8,3], [8,4], [8,5], [8,6], [8,7], [8,8], [8,9], [8,10], [8,11]
# Episode 17 (Collision)
[8,3], [8,4], [8,5], [8,6], [8,7], [8,8], [8,9], [8,10]
# Episode 18 (Collision)
[8,3], [8,4], [8,5], [8,6], [8,7], [8,8], [8,9], [8,10]
# Episode 19 (Collision)
[8,3], [8,4], [8,5], [8,6], [8,7], [8,8], [8,9], [8,10]
# Episode 20 (Collision)
[8,3], [8,4], [8,5], [8,6], [8,7], [8,8], [8,9], [8,10]
# Episode 21 (Collision)
[8,3], [8,4], [8,5], [8,6], [8,7], [8,8], [8,9], [8,10]
# Episode 22 (Collision)
[8,3], [8,4], [8,5], [8,6], [8,7], [8,8], [8,9], [8,10]
# Episode 23 (Collision)
[8,3], [8,4], [8,5], [8,6], [8,7], [8,8], [8,9], [8,10]
# Episode 24 (Collision)
[8,3], [8,4], [8,5], [8,6], [8,7], [8,8], [8,9], [8,10]
# Episode 25 (Collision)
[8,3], [8,4], [8,5], [8,6], [8,7], [8,8], [8,9], [8,10]
# Episode 26 (Collision)
[8,3], [8,4], [8,5], [8,6], [8,7], [8,8], [8,9], [8,10], [8,11], [8,12], [8,13], [8,14], [8,15], [9,16], [9,17], [9,18], [10,19], [10,20], [11,21], [11,22], [11,23]
# Episode 27 (Collision)
[8,3], [8,4], [8,5], [8,6], [8,7], [8,8], [8,9], [8,10], [8,11], [8,12], [8,13], [8,14], [8,15], [9,16], [9,17]
# Episode 28 (Collision)
[8,3], [8,4], [8,5], [8,6], [8,7], [8,8], [8,9], [8,10], [8,11], [8,12], [8,13], [8,14], [8,15], [9,16]
# Episode 29 (Collision)
[8,3], [8,4], [8,5], [8,6], [8,7], [8,8], [8,9], [8,10], [8,11], [8,12], [8,13], [8,14], [8,15], [9,16]
# Episode 30 (Collision)
[8,3], [8,4], [8,5], [8,6], [8,7], [8,8], [8,9], [8,10], [8,11], [8,12], [8,13], [8,14], [8,15], [9,16]
# Episode 31 (Collision)
[8,3], [8,4], [8,5], [8,6], [8,7], [8,8], [8,9], [8,10], [8,11], [8,12], [8,13], [8,14], [8,15], [9,16]
# Episode 32 (Collision)
[8,3], [8,4], [8,5], [8,6], [8,7], [8,8], [8,9], [8,10], [8,11], [8,12], [8,13], [8,14], [8,15], [9,16]
# Episode 33 (Collision)
[8,3], [8,4], [8,5], [8,6], [8,7], [8,8], [8,9], [8,10], [8,11], [8,12], [8,13], [8,14], [8,15], [9,16]
# Episode 34 (Collision)
[8,3], [8,4], [8,5], [8,6], [8,7], [8,8], [8,9], [8,10], [8,11], [8,12], [8,13], [8,14], [8,15], [9,16]
# Episode 35 (Collision)
[8,3], [8,4], [8,5], [8,6], [8,7], [8,8], [8,9], [8,10], [8,11], [8,12], [8,13], [8,14], [8,15], [9,16]
# Episode 36 (Goal)
[8,3], [8,4], [8,5], [8,6], [8,7], [8,8], [8,9], [8,10], [8,11], [8,12], [8,13], [8,14], [8,15], [9,16], [9,17], [9,18], [10,19], [10,20], [11,21], [11,22], [11,23], [12,24], [13,24], [14,24], [15,24], [16,24], [17,25], [18,25], [19,26], [20,26], [21,27], [22,27], [23,27], [24,28], [25,28], [26,29], [27,29], [27,28], [28,27], [28,26], [29,25]
# Episode 37 (Collision)
[8,3], [9,4], [10,5], [10,6], [10,7], [10,8], [10,9], [10,10]
# Episode 38 (Goal)
[8,3], [8,4], [8,5], [8,6], [8,7], [8,8], [8,9], [8,10], [8,11], [8,12], [8,13], [8,14], [8,15], [8,16], [8,17], [8,18], [8,19], [9,20], [9,21], [9,22], [10,23], [10,24], [11,25], [12,25], [13,25], [14,25], [15,25], [16,25], [17,26], [18,26], [19,26], [20,27], [21,27], [22,28], [23,28], [24,28], [25,27], [26,26], [27,25], [28,24]
# Episode 39 (Goal)
[8,3], [9,4], [10,5], [10,6], [10,7], [10,8], [10,9], [10,10], [10,11], [10,12], [10,13], [10,14], [10,15], [10,16], [10,17], [10,18], [10,19], [10,20], [10,21], [11,22], [12,23], [13,24], [14,25], [15,25], [16,25], [17,26], [18,26], [19,27], [20,27], [21,28], [22,28], [23,28], [24,28], [25,28], [26,27], [27,26], [28,25]
# Episode 40 (Goal)
[8,3], [9,4], [10,5], [11,6], [11,7], [11,8], [11,9], [11,10], [11,11], [11,12], [11,13], [11,14], [11,15], [11,16], [11,17], [11,18], [11,19], [11,20], [11,21], [11,22], [12,23], [12,24], [13,24], [14,24], [15,25], [16,25], [17,26], [18,26], [19,26], [20,27], [21,27], [22,28], [23,28], [24,29], [25,28], [26,27], [27,26], [28,25]
# Episode 41 (Goal)
[8,3], [9,4], [10,5], [10,6], [10,7], [10,8], [10,9], [10,10], [10,11], [10,12], [10,13], [10,14], [10,15], [10,16], [10,17], [10,18], [10,19], [10,20], [10,21], [10,22], [11,23], [11,24], [12,25], [12,26], [13,26], [14,26], [15,26], [16,26], [17,26], [18,26], [19,26], [20,26], [21,26], [22,26], [23,27], [24,28], [25,28], [26,28], [27,27], [28,26], [29,25]
# Episode 42 (Collision)
[8,3], [9,4], [10,5], [11,6], [11,7], [11,8], [11,9], [11,10]
# Episode 43 (Collision)
[8,3], [8,4], [8,5], [8,6], [8,7], [8,8], [8,9], [8,10], [8,11], [8,12], [8,13], [8,14], [8,15], [8,16], [9,17]
# Episode 44 (Collision)
[8,3], [8,4], [8,5], [8,6], [8,7], [8,8], [8,9], [8,10], [8,11], [8,12], [8,13], [8,14], [8,15], [8,16], [9,17]
# Episode 45 (Collision)
[8,3], [8,4], [8,5], [8,6], [8,7], [8,8], [8,9], [8,10], [8,11], [8,12], [8,13], [8,14], [8,15], [8,16], [9,17]
# Episode 46 (Collision)
[8,3], [8,4], [8,5], [8,6], [8,7], [8,8], [8,9], [8,10], [8,11], [8,12], [8,13], [8,14], [8,15], [8,16], [9,17], [9,18], [9,19], [10,20], [10,21], [11,22], [11,23]
# Episode 47 (Collision)
[8,3], [8,4], [8,5], [8,6], [8,7], [8,8], [8,9], [8,10], [8,11], [8,12], [8,13], [8,14], [8,15], [8,16], [9,17], [9,18], [9,19], [10,20], [10,21], [11,22], [11,23]
# Episode 48 (Collision)
[8,3], [8,4], [8,5], [8,6], [8,7], [8,8], [8,9], [8,10], [8,11], [8,12], [8,13], [8,14], [8,15], [8,16], [9,17], [9,18], [9,19], [10,20], [10,21], [11,22], [11,23], [12,24]
# Episode 49 (Collision)
[8,3], [9,4], [10,5], [11,6], [12,7], [13,8], [14,9], [15,10], [16,11], [17,12], [18,13], [19,13], [20,13], [21,13], [22,13], [23,13], [24,13], [25,13], [26,13], [25,13], [26,13], [25,13], [26,13], [25,13], [26,13], [25,13], [26,13], [25,13], [26,13], [25,13], [26,13], [25,13], [26,13], [25,13], [26,13], [25,13], [26,13], [25,13], [26,13], [25,13], [26,13], [25,13], [26,13], [25,13], [26,13], [25,13], [26,13], [25,13], [24,13], [23,13], [22,13], [21,13], [20,13], [19,13], [18,13], [17,13], [16,13], [15,13], [14,13], [13,13], [12,13], [11,13], [10,13], [9,13], [8,13], [7,13], [6,13], [7,14], [8,15], [9,16]
# Episode 50 (Collision)
[8,3], [8,4], [8,5], [8,6], [8,7], [8,8], [8,9], [8,10]
# Episode 51 (Collision)
[8,3], [8,4], [8,5], [8,6], [8,7], [8,8], [8,9], [8,10]
# Episode 52 (Collision)
[8,3], [8,4], [8,5], [8,6], [8,7], [8,8], [8,9], [8,10]
# Episode 53 (Collision)
[8,3], [8,4], [8,5], [8,6], [8,7], [8,8], [8,9], [8,10]
# Episode 54 (Collision)
[8,3], [8,4], [8,5], [8,6], [8,7], [8,8], [8,9], [8,10]
# Episode 55 (Collision)
[8,3], [8,4], [8,5], [8,6], [8,7], [8,8], [8,9], [8,10]
# Episode 56 (Collision)
[8,3], [8,4], [8,5], [8,6], [8,7], [8,8], [8,9], [8,10]
# Episode 57 (Collision)
[8,3], [8,4], [8,5], [8,6], [8,7], [8,8], [8,9], [8,10]
# Episode 58 (Collision)
[8,3], [8,4], [8,5], [8,6], [8,7], [8,8], [8,9], [8,10]
# Episode 59 (Collision)
[8,3], [8,4], [8,5], [8,6], [8,7], [8,8], [8,9], [8,10]
# Episode 60 (Collision)
[8,3], [8,4], [8,5], [8,6], [8,7], [8,8], [8,9], [8,10]
# Episode 61 (Collision)
[8,3], [8,4], [8,5], [8,6], [8,7], [8,8], [8,9], [8,10]
# Episode 62 (Collision)
[8,3], [8,4], [8,5], [8,6], [8,7], [8,8], [8,9], [8,10]
# Episode 63 (Collision)
[8,3], [8,4], [8,5], [8,6], [8,7], [8,8], [8,9], [8,10]
# Episode 64 (Collision)
[8,3], [8,4], [8,5], [8,6], [8,7], [8,8], [8,9], [8,10]
# Episode 65 (Collision)
[8,3], [8,4], [8,5], [8,6], [8,7], [8,8], [8,9], [8,10]
# Episode 66 (Collision)
[8,3], [8,4], [8,5], [8,6], [8,7], [8,8], [8,9], [8,10]
# Episode 67 (Collision)
[8,3], [8,4], [8,5], [8,6], [8,7], [8,8], [8,9], [8,10]
# Episode 68 (Collision)
[8,3], [8,4], [8,5], [8,6], [8,7], [8,8], [8,9], [8,10]
# Episode 69 (Collision)
[8,3], [8,4], [8,5], [8,6], [8,7], [8,8], [8,9], [8,10]
# Episode 70 (Goal)
[8,3], [8,4], [8,5], [8,6], [8,7], [8,8], [8,9], [8,10], [8,11], [8,12], [8,13], [9,14], [9,15], [10,16], [10,17], [10,18], [11,19], [11,20], [12,21], [12,22], [13,23], [14,24], [15,25], [16,26], [17,26], [18,26], [19,27], [20,27], [21,28], [22,28], [23,28], [24,29], [25,28], [26,27], [27,26], [28,25]
# Episode 71 (Collision)
[8,3], [9,4], [10,5], [10,6], [10,7], [10,8], [10,9], [10,10]
# Episode 72 (Collision)
[8,3], [8,4], [8,5], [8,6], [8,7], [8,8], [8,9], [8,10], [8,11], [8,12], [8,13], [8,14], [8,15], [8,16]
# Episode 73 (Collision)
[8,3], [8,4], [8,5], [8,6], [8,7], [8,8], [8,9], [8,10], [8,11], [8,12], [8,13], [8,14], [8,15], [8,16]
# Episode 74 (Collision)
[8,3], [8,4], [8,5], [8,6], [8,7], [8,8], [8,9], [8,10], [8,11], [8,12], [8,13], [8,14], [8,15], [8,16]
# Episode 75 (Collision)
[8,3], [8,4], [8,5], [8,6], [8,7], [8,8], [8,9], [8,10], [8,11], [8,12], [8,13], [8,14], [8,15], [8,16]
# Episode 76 (Collision)
[8,3], [8,4], [8,5], [8,6], [8,7], [8,8], [8,9], [8,10], [8,11], [8,12], [8,13], [8,14], [8,15], [8,16]
# Episode 77 (Collision)
[8,3], [8,4], [8,5], [8,6], [8,7], [8,8], [8,9], [8,10], [8,11], [8,12], [8,13], [8,14], [8,15], [8,16]
# Episode 78 (Collision)
[8,3], [8,4], [8,5], [8,6], [8,7], [8,8], [8,9], [8,10], [8,11], [8,12], [8,13], [8,14], [8,15], [8,16]
# Episode 79 (Collision)
[8,3], [8,4], [8,5], [8,6], [8,7], [8,8], [8,9], [8,10], [8,11], [8,12], [8,13], [8,14], [8,15], [8,16], [9,17]
# Episode 80 (Collision)
[8,3], [8,4], [8,5], [8,6], [8,7], [8,8], [8,9], [8,10], [8,11], [8,12], [8,13], [8,14], [8,15], [8,16], [9,17]
# Episode 81 (Collision)
[8,3], [8,4], [8,5], [8,6], [8,7], [8,8], [8,9], [8,10], [8,11], [8,12], [8,13], [8,14], [8,15], [8,16], [9,17]
# Episode 82 (Goal)
[8,3], [8,4], [8,5], [8,6], [8,7], [8,8], [8,9], [8,10], [8,11], [8,12], [8,13], [8,14], [8,15], [8,16], [9,17], [9,18], [10,19], [10,20], [11,21], [11,22], [11,23], [12,24], [12,25], [13,26], [14,26], [15,26], [16,26], [17,26], [18,26], [19,26], [20,26], [21,27], [22,27], [23,27], [24,28], [25,28], [26,29], [27,28], [28,27], [28,26], [29,25]
# Episode 83 (Collision)
[8,3], [9,4], [10,5], [10,6], [10,7], [10,8], [10,9], [10,10], [10,11], [10,12], [10,13], [10,14], [10,15], [10,16]
# Episode 84 (Collision)
[8,3], [8,4], [8,5], [8,6], [8,7], [8,8], [8,9], [8,10]
# Episode 85 (Collision)
[8,3], [8,4], [8,5], [8,6], [8,7], [8,8], [8,9], [8,10]
# Episode 86 (Collision)
[8,3], [8,4], [8,5], [8,6], [8,7], [8,8], [8,9], [8,10]
# Episode 87 (Collision)
[8,3], [8,4], [8,5], [8,6], [8,7], [8,8], [8,9], [8,10]
# Episode 88 (Collision)
[8,3], [8,4], [8,5], [8,6], [8,7], [8,8], [8,9], [8,10], [8,11], [8,12], [8,13], [8,14], [8,15], [9,16]
# Episode 89 (Collision)
[8,3], [8,4], [8,5], [8,6], [8,7], [8,8], [8,9], [8,10]
# Episode 90 (Collision)
[8,3], [8,4], [8,5], [8,6], [8,7], [8,8], [8,9], [8,10]
# Episode 91 (Collision)
[8,3], [8,4], [8,5], [8,6], [8,7], [8,8], [8,9], [8,10]
# Episode 92 (Collision)
[8,3], [8,4], [8,5], [8,6], [8,7], [8,8], [8,9], [8,10]
# Episode 93 (Collision)
[8,3], [8,4], [8,5], [8,6], [8,7], [8,8], [8,9], [8,10]
# Episode 94 (Collision)
[8,3], [8,4], [8,5], [8,6], [8,7], [8,8], [8,9], [8,10]
# Episode 95 (Collision)
[8,3], [8,4], [8,5], [8,6], [8,7], [8,8], [8,9], [8,10]
# Episode 96 (Collision)
[8,3], [8,4], [8,5], [8,6], [8,7], [8,8], [8,9], [8,10]
# Episode 97 (Collision)
[8,3], [8,4], [8,5], [8,6], [8,7], [8,8], [8,9], [8,10], [8,11], [8,12], [8,13], [8,14], [8,15], [9,16]
# Episode 98 (Collision)
[8,3], [8,4], [8,5], [8,6], [8,7], [8,8], [8,9], [8,10], [8,11], [8,12], [8,13], [8,14], [8,15], [9,16]
# Episode 99 (Collision)
[8,3], [8,4], [8,5], [8,6], [8,7], [8,8], [8,9], [8,10], [8,11], [8,12], [8,13], [8,14], [8,15], [9,16]
# Episode 100 (Collision)
[8,3], [8,4], [8,5], [8,6], [8,7], [8,8], [8,9], [8,10], [8,11], [8,12], [8,13], [8,14], [8,15], [9,16]
