# Episode 1 (Collision)
[29,11], [28,11], [27,11], [26,11], [25,11], [24,11], [23,11], [22,11], [21,11], [20,11], [19,11], [18,11], [17,11], [16,11], [15,11], [14,11], [13,12]
# Episode 2 (Goal)
[29,11], [28,11], [27,11], [26,11], [25,11], [24,11], [23,11], [22,11], [21,11], [20,11], [19,11], [18,11], [17,11], [16,11], [15,12], [14,12], [13,12], [12,13], [11,14], [10,15], [10,16], [9,17], [9,18], [10,19], [11,20], [12,21], [13,22], [14,23], [15,24], [16,25], [17,26], [18,27], [19,27], [20,27], [21,27], [22,27], [23,27], [24,28], [25,28], [26,28], [27,27], [28,26], [29,25]
# Episode 3 (Goal)
[29,11], [29,12], [29,13], [30,13], [29,13], [28,13], [27,13], [26,13], [25,13], [24,13], [23,13], [22,13], [21,13], [20,13], [19,13], [18,13], [17,13], [16,13], [15,13], [14,13], [13,13], [12,13], [11,13], [11,14], [11,15], [11,16], [11,17], [11,18], [11,19], [11,20], [11,21], [12,22], [12,23], [12,24], [13,25], [14,25], [15,25], [16,25], [17,26], [18,26], [19,26], [20,27], [21,27], [22,28], [23,28], [24,28], [25,27], [26,26], [27,25], [28,24]
# Episode 4 (Collision)
[29,11], [29,12], [29,13], [28,13], [27,13], [26,13], [25,13], [24,13], [23,13], [22,13], [21,13], [20,13], [19,13], [18,13], [17,13], [16,13], [15,13], [14,13], [13,13], [12,13], [11,13], [11,14], [11,15], [11,16]
# Episode 5 (Collision)
[29,11], [28,12], [27,13], [26,13], [25,13], [24,13], [23,13], [22,13], [21,13], [20,13], [19,13], [18,13], [17,13], [16,13], [15,13], [14,13], [13,13], [12,14], [12,15], [12,16]
# Episode 6 (Goal)
[29,11], [28,12], [27,13], [26,13], [25,13], [24,13], [23,13], [22,13], [21,13], [20,13], [19,13], [18,13], [17,13], [16,13], [15,13], [14,13], [13,13], [12,14], [12,15], [12,16], [12,17], [12,18], [12,19], [12,20], [12,21], [12,22], [12,23], [12,24], [13,25], [14,25], [15,25], [16,25], [17,26], [18,26], [19,26], [20,27], [21,27], [22,28], [23,28], [24,28], [25,27], [26,26], [27,25], [28,24]
# Episode 7 (Goal)
[29,11], [29,12], [29,13], [28,13], [27,13], [26,13], [25,13], [24,13], [23,13], [22,13], [21,13], [20,13], [19,13], [18,13], [17,13], [16,13], [15,13], [14,13], [13,13], [12,13], [11,13], [11,14], [11,15], [11,16], [11,17], [11,18], [11,19], [11,20], [11,21], [12,22], [12,23], [12,24], [13,25], [14,25], [15,25], [16,25], [17,26], [18,26], [19,26], [20,27], [21,27], [22,28], [23,28], [24,28], [25,27], [26,26], [27,25], [28,24]
# Episode 8 (Goal)
[29,11], [29,12], [29,13], [28,13], [27,13], [26,13], [25,13], [24,13], [23,13], [22,13], [21,13], [20,13], [19,13], [18,13], [17,13], [16,13], [15,13], [14,13], [13,13], [12,13], [11,13], [11,14], [11,15], [11,16], [11,17], [11,18], [11,19], [11,20], [11,21], [12,22], [12,23], [12,24], [13,25], [14,25], [15,25], [16,25], [17,26], [18,26], [19,26], [20,27], [21,27], [22,28], [23,28], [24,28], [25,27], [26,26], [27,25], [28,24]
# Episode 9 (Goal)
[29,11], [29,12], [29,13], [28,13], [27,13], [26,13], [25,13], [24,13], [23,13], [22,13], [21,13], [20,13], [19,13], [18,13], [17,13], [16,13], [15,13], [14,13], [13,13], [12,13], [11,13], [11,14], [11,15], [11,16], [11,17], [11,18], [11,19], [11,20], [11,21], [12,22], [12,23], [12,24], [13,25], [14,25], [15,25], [16,25], [17,26], [18,26], [19,26], [20,27], [21,27], [22,28], [23,28], [24,28], [25,27], [26,26], [27,25], [28,24]
# Episode 10 (Goal)
[29,11], [29,12], [29,13], [28,13], [27,13], [26,13], [25,13], [24,13], [23,13], [22,13], [21,13], [20,13], [19,13], [18,13], [17,13], [16,13], [15,13], [14,13], [13,13], [12,13], [11,13], [11,14], [11,15], [11,16], [11,17], [11,18], [11,19], [11,20], [11,21], [12,22], [12,23], [12,24], [13,25], [14,25], [15,25], [16,25], [17,26], [18,26], [19,26], [20,27], [21,27], [22,28], [23,28], [24,28], [25,27], [26,26], [27,25], [28,24]
# Episode 11 (Collision)
[29,11], [29,12], [29,13], [28,13], [27,13], [26,13], [25,13], [24,13], [23,13], [22,13], [21,13], [20,13], [19,13], [18,13], [17,13], [16,13], [15,13], [14,13], [13,13], [12,13], [11,13], [11,14], [11,15], [11,16]
# Episode 12 (Collision)
[29,11], [28,12], [27,13], [26,13], [25,13], [24,13], [23,13], [22,13], [21,13], [20,13], [19,13], [18,13], [17,13], [16,13], [15,13], [14,13], [13,13], [12,14], [12,15], [12,16]
# Episode 13 (Collision)
[29,11], [28,12], [27,13], [26,13], [25,13], [24,13], [23,13], [22,13], [21,13], [20,13], [19,13], [18,13], [17,13], [16,13], [15,13], [14,13], [13,13], [12,14], [12,15], [12,16]
# Episode 14 (Goal)
[29,11], [28,12], [27,13], [26,13], [25,13], [24,13], [23,13], [22,13], [21,13], [20,13], [19,13], [18,13], [17,13], [16,13], [15,13], [14,13], [13,13], [12,14], [12,15], [12,16], [12,17], [12,18], [12,19], [12,20], [12,21], [12,22], [12,23], [12,24], [13,25], [14,25], [15,25], [16,25], [17,26], [18,26], [19,26], [20,27], [21,27], [22,28], [23,28], [24,28], [25,27], [26,26], [27,25], [28,24]
# Episode 15 (Goal)
[29,11], [29,12], [29,13], [28,13], [27,13], [26,13], [25,13], [24,13], [23,13], [22,13], [21,13], [20,13], [19,13], [18,13], [17,13], [16,13], [15,13], [14,13], [13,13], [12,13], [11,13], [11,14], [11,15], [11,16], [11,17], [11,18], [11,19], [11,20], [11,21], [12,22], [12,23], [12,24], [13,25], [14,25], [15,25], [16,25], [17,26], [18,26], [19,26], [20,27], [21,27], [22,28], [23,28], [24,28], [25,27], [26,26], [27,25], [28,24]
# Episode 16 (Collision)
[29,11], [29,12], [29,13], [28,13], [27,13], [26,13], [25,13], [24,13], [23,13], [22,13], [21,13], [20,13], [19,13], [18,13], [17,13], [16,13], [15,13], [14,13], [13,13], [12,13], [11,13], [11,14], [11,15], [11,16], [11,17], [11,18], [11,19], [11,20], [11,21], [12,22], [12,23]
# Episode 17 (Goal)
[29,11], [28,12], [27,13], [26,13], [25,13], [24,13], [23,13], [22,13], [21,13], [20,13], [19,13], [18,13], [17,13], [16,13], [15,13], [14,13], [13,13], [12,14], [12,15], [12,16], [12,17], [12,18], [12,19], [12,20], [12,21], [12,22], [12,23], [12,24], [13,25], [14,25], [15,25], [16,25], [17,26], [18,26], [19,26], [20,27], [21,27], [22,28], [23,28], [24,28], [25,27], [26,26], [27,25], [28,24]
# Episode 18 (Goal)
[29,11], [29,12], [29,13], [28,13], [27,13], [26,13], [25,13], [24,13], [23,13], [22,13], [21,13], [20,13], [19,13], [18,13], [17,13], [16,13], [15,13], [14,13], [13,13], [12,13], [11,13], [11,14], [11,15], [11,16], [11,17], [11,18], [11,19], [11,20], [11,21], [12,22], [12,23], [12,24], [13,25], [14,25], [15,25], [16,25], [17,26], [18,26], [19,26], [20,27], [21,27], [22,28], [23,28], [24,28], [25,27], [26,26], [27,25], [28,24]
# Episode 19 (Goal)
[29,11], [29,12], [29,13], [28,13], [27,13], [26,13], [25,13], [24,13], [23,13], [22,13], [21,13], [20,13], [19,13], [18,13], [17,13], [16,13], [15,13], [14,13], [13,13], [12,13], [11,13], [11,14], [11,15], [11,16], [11,17], [11,18], [11,19], [11,20], [11,21], [12,22], [12,23], [12,24], [13,25], [14,25], [15,25], [16,25], [17,26], [18,26], [19,26], [20,27], [21,27], [22,28], [23,28], [24,28], [25,27], [26,26], [27,25], [28,24]
# Episode 20 (Collision)
[29,11], [29,12], [29,13], [28,13], [27,13], [26,13], [25,13], [24,13], [23,13], [22,13], [21,13], [20,13], [19,13], [18,13], [17,13], [16,13], [15,13], [14,13], [13,13], [12,13], [11,13], [11,14], [11,15], [11,16]
# Episode 21 (Goal)
[29,11], [28,12], [27,13], [26,13], [25,13], [24,13], [23,13], [22,13], [21,13], [20,13], [19,13], [18,13], [17,13], [16,13], [15,13], [14,13], [13,13], [12,14], [12,15], [12,16], [12,17], [12,18], [12,19], [12,20], [12,21], [12,22], [12,23], [12,24], [13,25], [14,25], [15,25], [16,25], [17,26], [18,26], [19,26], [20,27], [21,27], [22,28], [23,28], [24,28], [25,27], [26,26], [27,25], [28,24]
# Episode 22 (Goal)
[29,11], [29,12], [29,13], [28,13], [27,13], [26,13], [25,13], [24,13], [23,13], [22,13], [21,13], [20,13], [19,13], [18,13], [17,13], [16,13], [15,13], [14,13], [13,13], [12,13], [11,13], [11,14], [11,15], [11,16], [11,17], [11,18], [11,19], [11,20], [11,21], [12,22], [12,23], [12,24], [13,25], [14,25], [15,25], [16,25], [17,26], [18,26], [19,26], [20,27], [21,27], [22,28], [23,28], [24,28], [25,27], [26,26], [27,25], [28,24]
# Episode 23 (Goal)
[29,11], [29,12], [29,13], [28,13], [27,13], [26,13], [25,13], [24,13], [23,13], [22,13], [21,13], [20,13], [19,13], [18,13], [17,13], [16,13], [15,13], [14,13], [13,13], [12,13], [11,13], [11,14], [11,15], [11,16], [11,17], [11,18], [11,19], [11,20], [11,21], [12,22], [12,23], [12,24], [13,25], [14,25], [15,25], [16,25], [17,26], [18,26], [19,26], [20,27], [21,27], [22,28], [23,28], [24,28], [25,27], [26,26], [27,25], [28,24]
# Episode 24 (Goal)
[29,11], [29,12], [29,13], [28,13], [27,13], [26,13], [25,13], [24,13], [23,13], [22,13], [21,13], [20,13], [19,13], [18,13], [17,13], [16,13], [15,13], [14,13], [13,13], [12,13], [11,13], [11,14], [11,15], [11,16], [11,17], [11,18], [11,19], [11,20], [11,21], [12,22], [12,23], [12,24], [13,25], [14,25], [15,25], [16,25], [17,26], [18,26], [19,26], [20,27], [21,27], [22,28], [23,28], [24,28], [25,27], [26,26], [27,25], [28,24]
# Episode 25 (Collision)
[29,11], [29,12], [29,13], [28,13], [27,13], [26,13], [25,13], [24,13], [23,13], [22,13], [21,13], [20,13], [19,13], [18,13], [17,13], [16,13], [15,13], [14,13], [13,13], [12,13], [11,13], [11,14], [11,15], [11,16], [11,17], [11,18], [11,19], [11,20], [11,21], [12,22], [12,23]
# Episode 26 (Goal)
[29,11], [28,12], [27,13], [26,13], [25,13], [24,13], [23,13], [22,13], [21,13], [20,13], [19,13], [18,13], [17,13], [16,13], [15,13], [14,13], [13,13], [12,14], [12,15], [12,16], [12,17], [12,18], [12,19], [12,20], [12,21], [12,22], [12,23], [12,24], [13,25], [14,25], [15,25], [16,25], [17,26], [18,26], [19,26], [20,27], [21,27], [22,28], [23,28], [24,28], [25,27], [26,26], [27,25], [28,24]
# Episode 27 (Collision)
[29,11], [29,12], [29,13], [28,13], [27,13], [26,13], [25,13], [24,13], [23,13], [22,13], [21,13], [20,13], [19,13], [18,13], [17,13], [16,13], [15,13], [14,13], [13,13], [12,13], [11,13], [11,14], [11,15], [11,16]
# Episode 28 (Collision)
[29,11], [28,12], [27,13], [26,13], [25,13], [24,13], [23,13], [22,13], [21,13], [20,13], [19,13], [18,13], [17,13], [16,13], [15,13], [14,13], [13,13], [12,14], [12,15], [12,16]
# Episode 29 (Goal)
[29,11], [28,12], [27,13], [26,13], [25,13], [24,13], [23,13], [22,13], [21,13], [20,13], [19,13], [18,13], [17,13], [16,13], [15,13], [14,13], [13,13], [12,14], [12,15], [12,16], [12,17], [12,18], [12,19], [12,20], [12,21], [12,22], [12,23], [12,24], [13,25], [14,25], [15,25], [16,25], [17,26], [18,26], [19,26], [20,27], [21,27], [22,28], [23,28], [24,28], [25,27], [26,26], [27,25], [28,24]
# Episode 30 (Goal)
[29,11], [29,12], [29,13], [28,13], [27,13], [26,13], [25,13], [24,13], [23,13], [22,13], [21,13], [20,13], [19,13], [18,13], [17,13], [16,13], [15,13], [14,13], [13,13], [12,13], [11,13], [11,14], [11,15], [11,16], [11,17], [11,18], [11,19], [11,20], [11,21], [12,22], [12,23], [12,24], [13,25], [14,25], [15,25], [16,25], [17,26], [18,26], [19,26], [20,27], [21,27], [22,28], [23,28], [24,28], [25,27], [26,26], [27,25], [28,24]
# Episode 31 (Goal)
[29,11], [29,12], [29,13], [28,13], [27,13], [26,13], [25,13], [24,13], [23,13], [22,13], [21,13], [20,13], [19,13], [18,13], [17,13], [16,13], [15,13], [14,13], [13,13], [12,13], [11,13], [11,14], [11,15], [11,16], [11,17], [11,18], [11,19], [11,20], [11,21], [12,22], [12,23], [12,24], [13,25], [14,25], [15,25], [16,25], [17,26], [18,26], [19,26], [20,27], [21,27], [22,28], [23,28], [24,28], [25,27], [26,26], [27,25], [28,24]
# Episode 32 (Goal)
[29,11], [29,12], [29,13], [28,13], [27,13], [26,13], [25,13], [24,13], [23,13], [22,13], [21,13], [20,13], [19,13], [18,13], [17,13], [16,13], [15,13], [14,13], [13,13], [12,13], [11,13], [11,14], [11,15], [11,16], [11,17], [11,18], [11,19], [11,20], [11,21], [12,22], [12,23], [12,24], [13,25], [14,25], [15,25], [16,25], [17,26], [18,26], [19,26], [20,27], [21,27], [22,28], [23,28], [24,28], [25,27], [26,26], [27,25], [28,24]
# Episode 33 (Collision)
[29,11], [29,12], [29,13], [28,13], [27,13], [26,13], [25,13], [24,13], [23,13], [22,13], [21,13], [20,13], [19,13], [18,13], [17,13], [16,13], [15,13], [14,13], [13,13], [12,13], [11,13], [11,14], [11,15], [11,16], [11,17], [11,18], [11,19], [11,20], [11,21], [12,22], [12,23]
# Episode 34 (Goal)
[29,11], [28,12], [27,13], [26,13], [25,13], [24,13], [23,13], [22,13], [21,13], [20,13], [19,13], [18,13], [17,13], [16,13], [15,13], [14,13], [13,13], [12,14], [12,15], [12,16], [12,17], [12,18], [12,19], [12,20], [12,21], [12,22], [12,23], [12,24], [13,25], [14,25], [15,25], [16,25], [17,26], [18,26], [19,26], [20,27], [21,27], [22,28], [23,28], [24,28], [25,27], [26,26], [27,25], [28,24]
# Episode 35 (Collision)
[29,11], [29,12], [29,13], [28,13], [27,13], [26,13], [25,13], [24,13], [23,13], [22,13], [21,13], [20,13], [19,13], [18,13], [17,13], [16,13], [15,13], [14,13], [13,13], [12,13], [11,13], [11,14], [11,15], [11,16]
# Episode 36 (Collision)
[29,11], [28,12], [27,13], [26,13], [25,13], [24,13], [23,13], [22,13], [21,13], [20,13], [19,13], [18,13], [17,13], [16,13], [15,13], [14,13], [13,13], [12,14], [12,15], [12,16]
# Episode 37 (Collision)
[29,11], [28,12], [27,13], [26,13], [25,13], [24,13], [23,13], [22,13], [21,13], [20,13], [19,13], [18,13], [17,13], [16,13], [15,13], [14,13], [13,13], [12,14], [12,15], [12,16], [12,17], [12,18], [12,19], [12,20], [12,21], [12,22], [12,23]
# Episode 38 (Goal)
[29,11], [28,12], [27,13], [26,13], [25,13], [24,13], [23,13], [22,13], [21,13], [20,13], [19,13], [18,13], [17,13], [16,13], [15,13], [14,13], [13,13], [12,14], [12,15], [12,16], [12,17], [12,18], [12,19], [12,20], [12,21], [12,22], [12,23], [12,24], [13,25], [14,25], [15,25], [16,25], [17,26], [18,26], [19,26], [20,27], [21,27], [22,28], [23,28], [24,28], [25,27], [26,26], [27,25], [28,24]
# Episode 39 (Goal)
[29,11], [29,12], [29,13], [28,13], [27,13], [26,13], [25,13], [24,13], [23,13], [22,13], [21,13], [20,13], [19,13], [18,13], [17,13], [16,13], [15,13], [14,13], [13,13], [12,13], [11,13], [11,14], [11,15], [11,16], [11,17], [11,18], [11,19], [11,20], [11,21], [12,22], [12,23], [12,24], [13,25], [14,25], [15,25], [16,25], [17,26], [18,26], [19,26], [20,27], [21,27], [22,28], [23,28], [24,28], [25,27], [26,26], [27,25], [28,24]
# Episode 40 (Goal)
[29,11], [29,12], [29,13], [28,13], [27,13], [26,13], [25,13], [24,13], [23,13], [22,13], [21,13], [20,13], [19,13], [18,13], [17,13], [16,13], [15,13], [14,13], [13,13], [12,13], [11,13], [11,14], [11,15], [11,16], [11,17], [11,18], [11,19], [11,20], [11,21], [12,22], [12,23], [12,24], [13,25], [14,25], [15,25], [16,25], [17,26], [18,26], [19,26], [20,27], [21,27], [22,28], [23,28], [24,28], [25,27], [26,26], [27,25], [28,24]
# Episode 41 (Goal)
[29,11], [29,12], [29,13], [28,13], [27,13], [26,13], [25,13], [24,13], [23,13], [22,13], [21,13], [20,13], [19,13], [18,13], [17,13], [16,13], [15,13], [14,13], [13,13], [12,13], [11,13], [11,14], [11,15], [11,16], [11,17], [11,18], [11,19], [11,20], [11,21], [12,22], [12,23], [12,24], [13,25], [14,25], [15,25], [16,25], [17,26], [18,26], [19,26], [20,27], [21,27], [22,28], [23,28], [24,28], [25,27], [26,26], [27,25], [28,24]
# Episode 42 (Collision)
[29,11], [29,12], [29,13], [28,13], [27,13], [26,13], [25,13], [24,13], [23,13], [22,13], [21,13], [20,13], [19,13], [18,13], [17,13], [16,13], [15,13], [14,13], [13,13], [12,13], [11,13], [11,14], [11,15], [11,16]
# Episode 43 (Goal)
[29,11], [28,12], [27,13], [26,13], [25,13], [24,13], [23,13], [22,13], [21,13], [20,13], [19,13], [18,13], [17,13], [16,13], [15,13], [14,13], [13,13], [12,14], [12,15], [12,16], [12,17], [12,18], [12,19], [12,20], [12,21], [12,22], [12,23], [12,24], [13,25], [14,25], [15,25], [16,25], [17,26], [18,26], [19,26], [20,27], [21,27], [22,28], [23,28], [24,28], [25,27], [26,26], [27,25], [28,24]
# Episode 44 (Collision)
[29,11], [29,12], [29,13], [28,13], [27,13], [26,13], [25,13], [24,13], [23,13], [22,13], [21,13], [20,13], [19,13], [18,13], [17,13], [16,13], [15,13], [14,13], [13,13], [12,13], [11,13], [11,14], [11,15], [11,16]
# Episode 45 (Goal)
[29,11], [28,12], [27,13], [26,13], [25,13], [24,13], [23,13], [22,13], [21,13], [20,13], [19,13], [18,13], [17,13], [16,13], [15,13], [14,13], [13,13], [12,14], [12,15], [12,16], [12,17], [12,18], [12,19], [12,20], [12,21], [12,22], [12,23], [12,24], [13,25], [14,25], [15,25], [16,25], [17,26], [18,26], [19,26], [20,27], [21,27], [22,28], [23,28], [24,28], [25,27], [26,26], [27,25], [28,24]
# Episode 46 (Goal)
[29,11], [29,12], [29,13], [28,13], [27,13], [26,13], [25,13], [24,13], [23,13], [22,13], [21,13], [20,13], [19,13], [18,13], [17,13], [16,13], [15,13], [14,13], [13,13], [12,13], [11,13], [11,14], [11,15], [11,16], [11,17], [11,18], [11,19], [11,20], [11,21], [12,22], [12,23], [12,24], [13,25], [14,25], [15,25], [16,25], [17,26], [18,26], [19,26], [20,27], [21,27], [22,28], [23,28], [24,28], [25,27], [26,26], [27,25], [28,24]
# Episode 47 (Collision)
[29,11], [29,12], [29,13], [28,13], [27,13], [26,13], [25,13], [24,13], [23,13], [22,13], [21,13], [20,13], [19,13], [18,13], [17,13], [16,13], [15,13], [14,13], [13,13], [12,13], [11,13], [11,14], [11,15], [11,16], [11,17], [11,18], [11,19], [11,20], [11,21], [12,22], [12,23]
# Episode 48 (Goal)
[29,11], [28,12], [27,13], [26,13], [25,13], [24,13], [23,13], [22,13], [21,13], [20,13], [19,13], [18,13], [17,13], [16,13], [15,13], [14,13], [13,13], [12,14], [12,15], [12,16], [12,17], [12,18], [12,19], [12,20], [12,21], [12,22], [12,23], [12,24], [13,25], [14,25], [15,25], [16,25], [17,26], [18,26], [19,26], [20,27], [21,27], [22,28], [23,28], [24,28], [25,27], [26,26], [27,25], [28,24]
# Episode 49 (Goal)
[29,11], [29,12], [29,13], [28,13], [27,13], [26,13], [25,13], [24,13], [23,13], [22,13], [21,13], [20,13], [19,13], [18,13], [17,13], [16,13], [15,13], [14,13], [13,13], [12,13], [11,13], [11,14], [11,15], [11,16], [11,17], [11,18], [11,19], [11,20], [11,21], [12,22], [12,23], [12,24], [13,25], [14,25], [15,25], [16,25], [17,26], [18,26], [19,26], [20,27], [21,27], [22,28], [23,28], [24,28], [25,27], [26,26], [27,25], [28,24]
# Episode 50 (Collision)
[29,11], [29,12], [29,13], [28,13], [27,13], [26,13], [25,13], [24,13], [23,13], [22,13], [21,13], [20,13], [19,13], [18,13], [17,13], [16,13], [15,13], [14,13], [13,13], [12,13], [11,13], [11,14], [11,15], [11,16]
# Episode 51 (Collision)
[29,11], [28,12], [27,13], [26,13], [25,13], [24,13], [23,13], [22,13], [21,13], [20,13], [19,13], [18,13], [17,13], [16,13], [15,13], [14,13], [13,13], [12,14], [12,15], [12,16], [12,17]
# Episode 52 (Collision)
[29,11], [28,12], [27,13], [26,13], [25,13], [24,13], [23,13], [22,13], [21,13], [20,13], [19,13], [18,13], [17,13], [16,13], [15,13], [14,13], [13,13], [12,14], [12,15], [12,16]
# Episode 53 (Goal)
[29,11], [28,12], [27,13], [26,13], [25,13], [24,13], [23,13], [22,13], [21,13], [20,13], [19,13], [18,13], [17,13], [16,13], [15,13], [14,13], [13,13], [12,14], [12,15], [12,16], [12,17], [12,18], [12,19], [12,20], [12,21], [12,22], [12,23], [12,24], [13,25], [14,25], [15,25], [16,25], [17,26], [18,26], [19,26], [20,27], [21,27], [22,28], [23,28], [24,28], [25,27], [26,26], [27,25], [28,24]
# Episode 54 (Goal)
[29,11], [29,12], [29,13], [28,13], [27,13], [26,13], [25,13], [24,13], [23,13], [22,13], [21,13], [20,13], [19,13], [18,13], [17,13], [16,13], [15,13], [14,13], [13,13], [12,13], [11,13], [11,14], [11,15], [11,16], [11,17], [11,18], [11,19], [11,20], [11,21], [12,22], [12,23], [12,24], [13,25], [14,25], [15,25], [16,25], [17,26], [18,26], [19,26], [20,27], [21,27], [22,28], [23,28], [24,28], [25,27], [26,26], [27,25], [28,24]
# Episode 55 (Collision)
[29,11], [29,12], [29,13], [28,13], [27,13], [26,13], [25,13], [24,13], [23,13], [22,13], [21,13], [20,13], [19,13], [18,13], [17,13], [16,13], [15,13], [14,13], [13,13], [12,13], [11,13], [11,14], [11,15], [11,16], [11,17], [11,18], [11,19], [11,20], [11,21], [12,22], [12,23]
# Episode 56 (Goal)
[29,11], [28,12], [27,13], [26,13], [25,13], [24,13], [23,13], [22,13], [21,13], [20,13], [19,13], [18,13], [17,13], [16,13], [15,13], [14,13], [13,13], [12,14], [12,15], [12,16], [12,17], [12,18], [12,19], [12,20], [12,21], [12,22], [12,23], [12,24], [13,25], [14,25], [15,25], [16,25], [17,26], [18,26], [19,26], [20,27], [21,27], [22,28], [23,28], [24,28], [25,27], [26,26], [27,25], [28,24]
# Episode 57 (Goal)
[29,11], [29,12], [29,13], [28,13], [27,13], [26,13], [25,13], [24,13], [23,13], [22,13], [21,13], [20,13], [19,13], [18,13], [17,13], [16,13], [15,13], [14,13], [13,13], [12,13], [11,13], [11,14], [11,15], [11,16], [11,17], [11,18], [11,19], [11,20], [11,21], [12,22], [12,23], [12,24], [13,25], [14,25], [15,25], [16,25], [17,26], [18,26], [19,26], [20,27], [21,27], [22,28], [23,28], [24,28], [25,27], [26,26], [27,25], [28,24]
# Episode 58 (Collision)
[29,11], [29,12], [29,13], [28,13], [27,13], [26,13], [25,13], [24,13], [23,13], [22,13], [21,13], [20,13], [19,13], [18,13], [17,13], [16,13], [15,13], [14,13], [13,13], [12,13], [11,13], [11,14], [11,15], [11,16], [11,17], [11,18], [11,19], [11,20], [11,21], [12,22], [12,23]
# Episode 59 (Goal)
[29,11], [28,12], [27,13], [26,13], [25,13], [24,13], [23,13], [22,13], [21,13], [20,13], [19,13], [18,13], [17,13], [16,13], [15,13], [14,13], [13,13], [12,14], [12,15], [12,16], [12,17], [12,18], [12,19], [12,20], [12,21], [12,22], [12,23], [12,24], [13,25], [14,25], [15,25], [16,25], [17,26], [18,26], [19,26], [20,27], [21,27], [22,28], [23,28], [24,28], [25,27], [26,26], [27,25], [28,24]
# Episode 60 (Collision)
[29,11], [29,12], [29,13], [28,13], [27,13], [26,13], [25,13], [24,13], [23,13], [22,13], [21,13], [20,13], [19,13], [18,13], [17,13], [16,13], [15,13], [14,13], [13,13], [12,13], [11,13], [11,14], [11,15], [11,16]
# Episode 61 (Goal)
[29,11], [28,12], [27,13], [26,13], [25,13], [24,13], [23,13], [22,13], [21,13], [20,13], [19,13], [18,13], [17,13], [16,13], [15,13], [14,13], [13,13], [12,14], [12,15], [12,16], [12,17], [12,18], [12,19], [12,20], [12,21], [12,22], [12,23], [12,24], [13,25], [14,25], [15,25], [16,25], [17,26], [18,26], [19,26], [20,27], [21,27], [22,28], [23,28], [24,28], [25,27], [26,26], [27,25], [28,24]
# Episode 62 (Goal)
[29,11], [29,12], [29,13], [28,13], [27,13], [26,13], [25,13], [24,13], [23,13], [22,13], [21,13], [20,13], [19,13], [18,13], [17,13], [16,13], [15,13], [14,13], [13,13], [12,13], [11,13], [11,14], [11,15], [11,16], [11,17], [11,18], [11,19], [11,20], [11,21], [12,22], [12,23], [12,24], [13,25], [14,25], [15,25], [16,25], [17,26], [18,26], [19,26], [20,27], [21,27], [22,28], [23,28], [24,28], [25,27], [26,26], [27,25], [28,24]
# Episode 63 (Goal)
[29,11], [29,12], [29,13], [28,13], [27,13], [26,13], [25,13], [24,13], [23,13], [22,13], [21,13], [20,13], [19,13], [18,13], [17,13], [16,13], [15,13], [14,13], [13,13], [12,13], [11,13], [11,14], [11,15], [11,16], [11,17], [11,18], [11,19], [11,20], [11,21], [12,22], [12,23], [12,24], [13,25], [14,25], [15,25], [16,25], [17,26], [18,26], [19,26], [20,27], [21,27], [22,28], [23,28], [24,28], [25,27], [26,26], [27,25], [28,24]
# Episode 64 (Goal)
[29,11], [29,12], [29,13], [28,13], [27,13], [26,13], [25,13], [24,13], [23,13], [22,13], [21,13], [20,13], [19,13], [18,13], [17,13], [16,13], [15,13], [14,13], [13,13], [12,13], [11,13], [11,14], [11,15], [11,16], [11,17], [11,18], [11,19], [11,20], [11,21], [12,22], [12,23], [12,24], [13,25], [14,25], [15,25], [16,25], [17,26], [18,26], [19,26], [20,27], [21,27], [22,28], [23,28], [24,28], [25,27], [26,26], [27,25], [28,24]
# Episode 65 (Collision)
[29,11], [29,12], [29,13], [28,13], [27,13], [26,13], [25,13], [24,13], [23,13], [22,13], [21,13], [20,13], [19,13], [18,13], [17,13], [16,13], [15,13], [14,13], [13,13], [12,13], [11,13], [11,14], [11,15], [11,16], [11,17], [11,18], [11,19], [11,20], [11,21], [12,22], [12,23]
# Episode 66 (Goal)
[29,11], [28,12], [27,13], [26,13], [25,13], [24,13], [23,13], [22,13], [21,13], [20,13], [19,13], [18,13], [17,13], [16,13], [15,13], [14,13], [13,13], [12,14], [12,15], [12,16], [12,17], [12,18], [12,19], [12,20], [12,21], [12,22], [12,23], [12,24], [13,25], [14,25], [15,25], [16,25], [17,26], [18,26], [19,26], [20,27], [21,27], [22,28], [23,28], [24,28], [25,27], [26,26], [27,25], [28,24]
# Episode 67 (Collision)
[29,11], [29,12], [29,13], [28,13], [27,13], [26,13], [25,13], [24,13], [23,13], [22,13], [21,13], [20,13], [19,13], [18,13], [17,13], [16,13], [15,13], [14,13], [13,13], [12,13], [11,13], [11,14], [11,15], [11,16]
# Episode 68 (Goal)
[29,11], [28,12], [27,13], [26,13], [25,13], [24,13], [23,13], [22,13], [21,13], [20,13], [19,13], [18,13], [17,13], [16,13], [15,13], [14,13], [13,13], [12,14], [12,15], [12,16], [12,17], [12,18], [12,19], [12,20], [12,21], [12,22], [12,23], [12,24], [13,25], [14,25], [15,25], [16,25], [17,26], [18,26], [19,26], [20,27], [21,27], [22,28], [23,28], [24,28], [25,27], [26,26], [27,25], [28,24]
# Episode 69 (Collision)
[29,11], [29,12], [29,13], [28,13], [27,13], [26,13], [25,13], [24,13], [23,13], [22,13], [21,13], [20,13], [19,13], [18,13], [17,13], [16,13], [15,13], [14,13], [13,13], [12,13], [11,13], [11,14], [11,15], [11,16], [11,17], [11,18], [11,19], [11,20], [11,21], [12,22], [12,23]
# Episode 70 (Goal)
[29,11], [28,12], [27,13], [26,13], [25,13], [24,13], [23,13], [22,13], [21,13], [20,13], [19,13], [18,13], [17,13], [16,13], [15,13], [14,13], [13,13], [12,14], [12,15], [12,16], [12,17], [12,18], [12,19], [12,20], [12,21], [12,22], [12,23], [12,24], [13,25], [14,25], [15,25], [16,25], [17,26], [18,26], [19,26], [20,27], [21,27], [22,28], [23,28], [24,28], [25,27], [26,26], [27,25], [28,24]
# Episode 71 (Goal)
[29,11], [29,12], [29,13], [28,13], [27,13], [26,13], [25,13], [24,13], [23,13], [22,13], [21,13], [20,13], [19,13], [18,13], [17,13], [16,13], [15,13], [14,13], [13,13], [12,13], [11,13], [11,14], [11,15], [11,16], [11,17], [11,18], [11,19], [11,20], [11,21], [12,22], [12,23], [12,24], [13,25], [14,25], [15,25], [16,25], [17,26], [18,26], [19,26], [20,27], [21,27], [22,28], [23,28], [24,28], [25,27], [26,26], [27,25], [28,24]
# Episode 72 (Goal)
[29,11], [29,12], [29,13], [28,13], [27,13], [26,13], [25,13], [24,13], [23,13], [22,13], [21,13], [20,13], [19,13], [18,13], [17,13], [16,13], [15,13], [14,13], [13,13], [12,13], [11,13], [11,14], [11,15], [11,16], [11,17], [11,18], [11,19], [11,20], [11,21], [12,22], [12,23], [12,24], [13,25], [14,25], [15,25], [16,25], [17,26], [18,26], [19,26], [20,27], [21,27], [22,28], [23,28], [24,28], [25,27], [26,26], [27,25], [28,24]
# Episode 73 (Goal)
[29,11], [29,12], [29,13], [28,13], [27,13], [26,13], [25,13], [24,13], [23,13], [22,13], [21,13], [20,13], [19,13], [18,13], [17,13], [16,13], [15,13], [14,13], [13,13], [12,13], [11,13], [11,14], [11,15], [11,16], [11,17], [11,18], [11,19], [11,20], [11,21], [12,22], [12,23], [12,24], [13,25], [14,25], [15,25], [16,25], [17,26], [18,26], [19,26], [20,27], [21,27], [22,28], [23,28], [24,28], [25,27], [26,26], [27,25], [28,24]
# Episode 74 (Collision)
[29,11], [29,12], [29,13], [28,13], [27,13], [26,13], [25,13], [24,13], [23,13], [22,13], [21,13], [20,13], [19,13], [18,13], [17,13], [16,13], [15,13], [14,13], [13,13], [12,13], [11,13], [11,14], [11,15], [11,16]
# Episode 75 (Goal)
[29,11], [28,12], [27,13], [26,13], [25,13], [24,13], [23,13], [22,13], [21,13], [20,13], [19,13], [18,13], [17,13], [16,13], [15,13], [14,13], [13,13], [12,14], [12,15], [12,16], [12,17], [12,18], [12,19], [12,20], [12,21], [12,22], [12,23], [12,24], [13,25], [14,25], [15,25], [16,25], [17,26], [18,26], [19,26], [20,27], [21,27], [22,28], [23,28], [24,28], [25,27], [26,26], [27,25], [28,24]
# Episode 76 (Collision)
[29,11], [29,12], [29,13], [28,13], [27,13], [26,13], [25,13], [24,13], [23,13], [22,13], [21,13], [20,13], [19,13], [18,13], [17,13], [16,13], [15,13], [14,13], [13,13], [12,13], [11,13], [11,14], [11,15], [11,16], [11,17], [11,18], [11,19], [11,20], [11,21], [12,22], [12,23]
# Episode 77 (Goal)
[29,11], [28,12], [27,13], [26,13], [25,13], [24,13], [23,13], [22,13], [21,13], [20,13], [19,13], [18,13], [17,13], [16,13], [15,13], [14,13], [13,13], [12,14], [12,15], [12,16], [12,17], [12,18], [12,19], [12,20], [12,21], [12,22], [12,23], [12,24], [13,25], [14,25], [15,25], [16,25], [17,26], [18,26], [19,26], [20,27], [21,27], [22,28], [23,28], [24,28], [25,27], [26,26], [27,25], [28,24]
# Episode 78 (Goal)
[29,11], [29,12], [29,13], [28,13], [27,13], [26,13], [25,13], [24,13], [23,13], [22,13], [21,13], [20,13], [19,13], [18,13], [17,13], [16,13], [15,13], [14,13], [13,13], [12,13], [11,13], [11,14], [11,15], [11,16], [11,17], [11,18], [11,19], [11,20], [11,21], [12,22], [12,23], [12,24], [13,25], [14,25], [15,25], [16,25], [17,26], [18,26], [19,26], [20,27], [21,27], [22,28], [23,28], [24,28], [25,27], [26,26], [27,25], [28,24]
# Episode 79 (Collision)
[29,11], [29,12], [29,13], [28,13], [27,13], [26,13], [25,13], [24,13], [23,13], [22,13], [21,13], [20,13], [19,13], [18,13], [17,13], [16,13], [15,13], [14,13], [13,13], [12,13], [11,13], [11,14], [11,15], [11,16], [11,17], [11,18], [11,19], [11,20], [11,21], [12,22], [12,23]
# Episode 80 (Goal)
[29,11], [28,12], [27,13], [26,13], [25,13], [24,13], [23,13], [22,13], [21,13], [20,13], [19,13], [18,13], [17,13], [16,13], [15,13], [14,13], [13,13], [12,14], [12,15], [12,16], [12,17], [12,18], [12,19], [12,20], [12,21], [12,22], [12,23], [12,24], [13,25], [14,25], [15,25], [16,25], [17,26], [18,26], [19,26], [20,27], [21,27], [22,28], [23,28], [24,28], [25,27], [26,26], [27,25], [28,24]
# Episode 81 (Collision)
[29,11], [29,12], [29,13], [28,13], [27,13], [26,13], [25,13], [24,13], [23,13], [22,13], [21,13], [20,13], [19,13], [18,13], [17,13], [16,13], [15,13], [14,13], [13,13], [12,13], [11,13], [11,14], [11,15], [11,16]
# Episode 82 (Collision)
[29,11], [28,12], [27,13], [26,13], [25,13], [24,13], [23,13], [22,13], [21,13], [20,13], [19,13], [18,13], [17,13], [16,13], [15,13], [14,13], [13,13], [12,14], [12,15], [12,16]
# Episode 83 (Collision)
[29,11], [28,12], [27,13], [26,13], [25,13], [24,13], [23,13], [22,13], [21,13], [20,13], [19,13], [18,13], [17,13], [16,13], [15,13], [14,13], [13,13], [12,14], [12,15], [12,16]
# Episode 84 (Goal)
[29,11], [28,12], [27,13], [26,13], [25,13], [24,13], [23,13], [22,13], [21,13], [20,13], [19,13], [18,13], [17,13], [16,13], [15,13], [14,13], [13,13], [12,14], [12,15], [12,16], [12,17], [12,18], [12,19], [12,20], [12,21], [12,22], [12,23], [12,24], [13,25], [14,25], [15,25], [16,25], [17,26], [18,26], [19,26], [20,27], [21,27], [22,28], [23,28], [24,28], [25,27], [26,26], [27,25], [28,24]
# Episode 85 (Goal)
[29,11], [29,12], [29,13], [28,13], [27,13], [26,13], [25,13], [24,13], [23,13], [22,13], [21,13], [20,13], [19,13], [18,13], [17,13], [16,13], [15,13], [14,13], [13,13], [12,13], [11,13], [11,14], [11,15], [11,16], [11,17], [11,18], [11,19], [11,20], [11,21], [12,22], [12,23], [12,24], [13,25], [14,25], [15,25], [16,25], [17,26], [18,26], [19,26], [20,27], [21,27], [22,28], [23,28], [24,28], [25,27], [26,26], [27,25], [28,24]
# Episode 86 (Goal)
[29,11], [29,12], [29,13], [28,13], [27,13], [26,13], [25,13], [24,13], [23,13], [22,13], [21,13], [20,13], [19,13], [18,13], [17,13], [16,13], [15,13], [14,13], [13,13], [12,13], [11,13], [11,14], [11,15], [11,16], [11,17], [11,18], [11,19], [11,20], [11,21], [12,22], [12,23], [12,24], [13,25], [14,25], [15,25], [16,25], [17,26], [18,26], [19,26], [20,27], [21,27], [22,28], [23,28], [24,28], [25,27], [26,26], [27,25], [28,24]
# Episode 87 (Collision)
[29,11], [29,12], [29,13], [28,13], [27,13], [26,13], [25,13], [24,13], [23,13], [22,13], [21,13], [20,13], [19,13], [18,13], [17,13], [16,13], [15,13], [14,13], [13,13], [12,13], [11,13], [11,14], [11,15], [11,16], [11,17], [11,18], [11,19], [11,20], [11,21], [12,22], [12,23]
# Episode 88 (Goal)
[29,11], [28,12], [27,13], [26,13], [25,13], [24,13], [23,13], [22,13], [21,13], [20,13], [19,13], [18,13], [17,13], [16,13], [15,13], [14,13], [13,13], [12,14], [12,15], [12,16], [12,17], [12,18], [12,19], [12,20], [12,21], [12,22], [12,23], [12,24], [13,25], [14,25], [15,25], [16,25], [17,26], [18,26], [19,26], [20,27], [21,27], [22,28], [23,28], [24,28], [25,27], [26,26], [27,25], [28,24]
# Episode 89 (Goal)
[29,11], [29,12], [29,13], [28,13], [27,13], [26,13], [25,13], [24,13], [23,13], [22,13], [21,13], [20,13], [19,13], [18,13], [17,13], [16,13], [15,13], [14,13], [13,13], [12,13], [11,13], [11,14], [11,15], [11,16], [11,17], [11,18], [11,19], [11,20], [11,21], [12,22], [12,23], [12,24], [13,25], [14,25], [15,25], [16,25], [17,26], [18,26], [19,26], [20,27], [21,27], [22,28], [23,28], [24,28], [25,27], [26,26], [27,25], [28,24]
# Episode 90 (Collision)
[29,11], [29,12], [29,13], [28,13], [27,13], [26,13], [25,13], [24,13], [23,13], [22,13], [21,13], [20,13], [19,13], [18,13], [17,13], [16,13], [15,13], [14,13], [13,13], [12,13], [11,13], [11,14], [11,15], [11,16]
# Episode 91 (Goal)
[29,11], [28,12], [27,13], [26,13], [25,13], [24,13], [23,13], [22,13], [21,13], [20,13], [19,13], [18,13], [17,13], [16,13], [15,13], [14,13], [13,13], [12,14], [12,15], [12,16], [12,17], [12,18], [12,19], [12,20], [12,21], [12,22], [12,23], [12,24], [13,25], [14,25], [15,25], [16,25], [17,26], [18,26], [19,26], [20,27], [21,27], [22,28], [23,28], [24,28], [25,27], [26,26], [27,25], [28,24]
# Episode 92 (Goal)
[29,11], [29,12], [29,13], [28,13], [27,13], [26,13], [25,13], [24,13], [23,13], [22,13], [21,13], [20,13], [19,13], [18,13], [17,13], [16,13], [15,13], [14,13], [13,13], [12,13], [11,13], [11,14], [11,15], [11,16], [11,17], [11,18], [11,19], [11,20], [11,21], [12,22], [12,23], [12,24], [13,25], [14,25], [15,25], [16,25], [17,26], [18,26], [19,26], [20,27], [21,27], [22,28], [23,28], [24,28], [25,27], [26,26], [27,25], [28,24]
# Episode 93 (Goal)
[29,11], [29,12], [29,13], [28,13], [27,13], [26,13], [25,13], [24,13], [23,13], [22,13], [21,13], [20,13], [19,13], [18,13], [17,13], [16,13], [15,13], [14,13], [13,13], [12,13], [11,13], [11,14], [11,15], [11,16], [11,17], [11,18], [11,19], [11,20], [11,21], [12,22], [12,23], [12,24], [13,25], [14,25], [15,25], [16,25], [17,26], [18,26], [19,26], [20,27], [21,27], [22,28], [23,28], [24,28], [25,27], [26,26], [27,25], [28,24]
# Episode 94 (Goal)
[29,11], [29,12], [29,13], [28,13], [27,13], [26,13], [25,13], [24,13], [23,13], [22,13], [21,13], [20,13], [19,13], [18,13], [17,13], [16,13], [15,13], [14,13], [13,13], [12,13], [11,13], [11,14], [11,15], [11,16], [11,17], [11,18], [11,19], [11,20], [11,21], [12,22], [12,23], [12,24], [13,25], [14,25], [15,25], [16,25], [17,26], [18,26], [19,26], [20,27], [21,27], [22,28], [23,28], [24,28], [25,27], [26,26], [27,25], [28,24]
# Episode 95 (Goal)
[29,11], [29,12], [29,13], [28,13], [27,13], [26,13], [25,13], [24,13], [23,13], [22,13], [21,13], [20,13], [19,13], [18,13], [17,13], [16,13], [15,13], [14,13], [13,13], [12,13], [11,13], [11,14], [11,15], [11,16], [11,17], [11,18], [11,19], [11,20], [11,21], [12,22], [12,23], [12,24], [13,25], [14,25], [15,25], [16,25], [17,26], [18,26], [19,26], [20,27], [21,27], [22,28], [23,28], [24,28], [25,27], [26,26], [27,25], [28,24]
# Episode 96 (Collision)
[29,11], [29,12], [29,13], [28,13], [27,13], [26,13], [25,13], [24,13], [23,13], [22,13], [21,13], [20,13], [19,13], [18,13], [17,13], [16,13], [15,13], [14,13], [13,13], [12,13], [11,13], [11,14], [11,15], [11,16]
# Episode 97 (Collision)
[29,11], [28,12], [27,13], [26,13], [25,13], [24,13], [23,13], [22,13], [21,13], [20,13], [19,13], [18,13], [17,13], [16,13], [15,13], [14,13], [13,13], [12,14], [12,15], [12,16], [12,17], [12,18], [12,19], [12,20], [12,21], [12,22], [12,23]
# Episode 98 (Collision)
[29,11], [28,12], [27,13], [26,13], [25,13], [24,13], [23,13], [22,13], [21,13], [20,13], [19,13], [18,13], [17,13], [16,13], [15,13], [14,13], [13,13], [12,14], [12,15], [12,16]
# Episode 99 (Goal)
[29,11], [28,12], [27,13], [26,13], [25,13], [24,13], [23,13], [22,13], [21,13], [20,13], [19,13], [18,13], [17,13], [16,13], [15,13], [14,13], [13,13], [12,14], [12,15], [12,16], [12,17], [12,18], [12,19], [12,20], [12,21], [12,22], [12,23], [12,24], [13,25], [14,25], [15,25], [16,25], [17,26], [18,26], [19,26], [20,27], [21,27], [22,28], [23,28], [24,28], [25,27], [26,26], [27,25], [28,24]
# Episode 100 (Goal)
[29,11], [29,12], [29,13], [28,13], [27,13], [26,13], [25,13], [24,13], [23,13], [22,13], [21,13], [20,13], [19,13], [18,13], [17,13], [16,13], [15,13], [14,13], [13,13], [12,13], [11,13], [11,14], [11,15], [11,16], [11,17], [11,18], [11,19], [11,20], [11,21], [12,22], [12,23], [12,24], [13,25], [14,25], [15,25], [16,25], [17,26], [18,26], [19,26], [20,27], [21,27], [22,28], [23,28], [24,28], [25,27], [26,26], [27,25], [28,24]
