# Episode 1 (Trapped)
[2,4], [3,4], [4,4], [5,4], [6,4], [7,4], [8,5], [9,6], [10,7], [11,8], [12,9], [13,9], [14,9], [15,10], [16,11], [17,11], [18,11], [19,12], [20,13], [21,14], [21,15], [21,16], [20,17], [19,18], [18,19], [19,20], [20,21], [21,22], [20,23], [20,24], [21,25], [20,24], [21,25], [20,24], 
# Episode 2 (Trapped)
[2,4], [3,4], [4,4], [5,4], [6,4], [7,4], [8,5], [9,6], [10,7], [11,8], [12,9], [13,9], [14,9], [15,10], [16,11], [17,11], [18,11], [19,12], [20,13], [21,14], [21,15], [21,16], [20,17], [19,18], [18,19], [19,20], [20,21], [21,22], [20,23], [20,24], [21,25], [20,24], [21,25], [20,24], 
# Episode 3 (Trapped)
[2,4], [3,4], [4,4], [5,4], [6,4], [7,4], [8,5], [9,6], [9,7], [10,8], [11,8], [12,8], [13,9], [14,9], [15,10], [16,11], [17,11], [18,11], [19,12], [20,13], [21,14], [21,15], [21,16], [20,17], [19,18], [18,19], [19,20], [20,21], [21,22], [20,23], [20,24], [21,25], [20,24], [21,25], [20,24], 
# Episode 4 (Trapped)
[2,4], [3,4], [4,4], [5,4], [6,4], [7,4], [8,4], [9,4], [9,3], [10,3], [11,4], [12,5], [13,6], [14,7], [15,8], [15,9], [16,10], [17,11], [18,11], [19,12], [20,13], [21,14], [21,15], [21,16], [20,17], [19,18], [19,19], [20,20], [20,21], [21,22], [20,23], [20,24], [21,25], [20,24], [21,25], [20,24], 
# Episode 5 (Trapped)
[2,4], [3,4], [4,4], [5,4], [6,4], [7,4], [8,5], [9,5], [10,5], [11,6], [12,7], [11,6], [12,7], [13,8], [14,8], [15,9], [16,10], [17,11], [18,11], [19,12], [20,13], [21,14], [21,15], [21,16], [20,17], [19,18], [19,19], [20,20], [20,21], [21,22], [20,23], [20,24], [21,25], [20,24], [21,25], [20,24], 
# Episode 6 (Trapped)
[2,4], [3,4], [4,4], [5,4], [6,4], [7,4], [8,5], [9,6], [9,7], [9,8], [10,9], [11,9], [12,9], [13,9], [14,9], [15,10], [16,11], [17,11], [18,11], [19,12], [20,13], [21,14], [21,15], [21,16], [20,17], [20,18], [21,19], [21,20], [21,21], [22,22], [22,23], [23,24], [23,25], [23,24], [23,25], [23,24], 
# Episode 7 (Trapped)
[2,4], [3,4], [4,4], [5,4], [6,4], [7,4], [8,5], [9,6], [8,5], [9,6], [8,5], 
# Episode 8 (Trapped)
[2,4], [3,4], [4,4], [5,4], [6,4], [7,4], [8,5], [9,6], [8,5], [9,6], [8,5], 
# Episode 9 (Trapped)
[2,4], [3,4], [4,4], [5,4], [6,4], [7,4], [8,5], [9,6], [10,7], [11,8], [12,9], [13,9], [14,9], [15,10], [16,11], [17,11], [18,11], [19,12], [20,13], [21,14], [21,15], [20,16], [21,17], [20,18], [21,19], [20,20], [21,21], [22,22], [22,23], [23,24], [23,25], [23,24], [23,25], [23,24], 
# Episode 10 (Trapped)
[2,4], [3,4], [4,4], [5,4], [6,4], [7,4], [8,5], [9,6], [10,7], [11,8], [12,9], [13,9], [14,9], [15,10], [16,11], [17,11], [18,11], [19,12], [20,13], [21,14], [20,15], [21,16], [21,15], [20,15], [21,16], [21,15], [20,15], 
# Episode 11 (Trapped)
[2,4], [3,4], [4,4], [5,4], [6,4], [7,4], [8,5], [9,6], [10,7], [11,8], [12,9], [13,9], [14,9], [15,10], [16,11], [17,11], [18,11], [19,12], [20,13], [21,14], [20,15], [21,16], [21,15], [20,15], [21,15], [20,15], 
# Episode 12 (Trapped)
[2,4], [3,4], [4,4], [5,4], [6,4], [7,4], [8,5], [9,6], [10,7], [11,8], [12,9], [13,9], [14,9], [15,10], [16,11], [17,11], [18,11], [19,12], [20,13], [21,14], [22,15], [21,15], [20,15], [21,15], [20,15], [21,15], 
# Episode 13 (Trapped)
[2,4], [3,4], [4,4], [5,4], [6,4], [7,4], [8,5], [9,6], [10,6], [11,7], [12,8], [13,8], [14,8], [15,9], [16,10], [17,11], [18,11], [19,12], [20,13], [21,14], [22,15], [21,15], [22,16], [23,17], [24,17], [25,16], [26,17], [27,16], [26,16], [26,15], [27,16], [26,16], [26,15], [27,16], 
# Episode 14 (Trapped)
[2,4], [3,4], [4,4], [5,4], [6,4], [7,5], [8,6], [9,7], [10,7], [11,8], [12,9], [13,9], [14,9], [15,10], [16,11], [17,11], [18,11], [19,12], [20,13], [21,14], [22,15], [21,15], [20,15], [21,15], [20,15], [21,15], 
# Episode 15 (Trapped)
[2,4], [3,4], [4,4], [5,4], [6,4], [5,3], [4,4], [5,4], [6,4], [5,3], [4,4], 
# Episode 16 (Trapped)
[2,4], [3,4], [4,4], [5,4], [6,4], [7,4], [8,4], [9,4], [10,4], [11,5], [12,6], [13,7], [14,7], [15,8], [15,9], [16,10], [17,11], [18,11], [19,12], [20,13], [21,14], [20,15], [21,16], [21,15], [20,15], [21,16], [21,15], [20,15], 
# Episode 17 (Trapped)
[2,4], [3,4], [4,4], [5,4], [6,4], [7,4], [8,5], [7,6], [8,7], [9,8], [10,9], [11,9], [12,9], [13,9], [14,9], [15,10], [16,11], [17,11], [18,11], [19,12], [20,13], [21,14], [20,15], [21,16], [21,15], [20,15], [21,16], [21,15], [20,15], 
# Episode 18 (Trapped)
[2,4], [3,4], [4,4], [5,4], [6,4], [7,4], [8,5], [9,6], [8,5], [9,6], [8,5], 
# Episode 19 (Trapped)
[2,4], [3,4], [4,4], [5,4], [6,4], [7,4], [8,5], [9,6], [8,5], [9,6], [8,5], 
# Episode 20 (Trapped)
[2,4], [3,4], [4,4], [5,4], [6,4], [7,4], [8,5], [9,6], [10,7], [11,8], [11,9], [10,8], [11,9], [10,8], [11,9], 
# Episode 21 (Trapped)
[2,4], [3,4], [4,4], [5,4], [6,4], [7,4], [8,5], [9,6], [10,7], [11,8], [10,9], [11,10], [12,10], [13,10], [14,11], [13,12], [14,13], [14,14], [14,15], [15,16], [14,17], [15,17], [15,18], [15,19], [16,19], [15,18], [15,19], [16,19], [15,18], 
# Episode 22 (Trapped)
[2,4], [3,4], [4,4], [5,4], [6,4], [7,4], [8,5], [9,6], [10,7], [11,8], [12,9], [13,9], [14,9], [15,10], [16,11], [17,11], [18,11], [19,12], [20,13], [21,14], [21,15], [21,16], [20,17], [20,18], [21,19], [21,20], [21,21], [22,22], [22,23], [23,24], [23,25], [23,24], [23,25], [23,24], 
# Episode 23 (Trapped)
[2,4], [3,4], [4,4], [5,4], [6,4], [7,4], [8,5], [9,6], [10,7], [11,8], [12,8], [13,8], [14,9], [15,10], [16,11], [17,11], [18,11], [19,12], [20,13], [21,14], [21,15], [21,16], [20,17], [19,18], [19,19], [20,20], [20,21], [21,22], [20,23], [20,24], [21,25], [20,24], [21,25], [20,24], 
# Episode 24 (Trapped)
[2,4], [3,4], [4,4], [5,4], [6,4], [7,4], [8,5], [9,6], [10,7], [11,8], [12,9], [13,9], [14,9], [15,10], [16,11], [17,11], [18,11], [19,12], [20,13], [21,14], [21,15], [21,16], [20,17], [19,18], [18,19], [19,20], [20,21], [21,22], [20,23], [20,24], [21,25], [20,24], [21,25], [20,24], 
# Episode 25 (Trapped)
[2,4], [3,4], [4,4], [5,4], [6,4], [7,5], [8,6], [9,7], [10,8], [11,9], [12,9], [13,9], [14,9], [15,10], [16,11], [17,11], [18,11], [19,12], [20,13], [21,14], [21,15], [21,16], [20,17], [19,18], [18,19], [19,20], [20,21], [21,22], [20,23], [20,24], [21,25], [20,24], [21,25], [20,24], 
# Episode 26 (Trapped)
[2,4], [3,4], [4,4], [5,4], [6,4], [7,5], [8,6], [9,7], [10,8], [11,9], [12,9], [13,9], [14,9], [15,10], [16,11], [17,11], [18,11], [19,12], [20,13], [21,14], [21,15], [21,16], [20,17], [19,18], [18,19], [19,20], [20,21], [21,22], [20,23], [20,24], [21,25], [20,24], [21,25], [20,24], 
# Episode 27 (Trapped)
[2,4], [3,4], [4,4], [5,4], [6,4], [7,4], [8,5], [9,6], [10,7], [11,7], [12,8], [13,8], [14,8], [15,9], [16,10], [17,11], [18,11], [19,12], [20,13], [21,14], [21,15], [21,16], [20,17], [19,18], [18,19], [19,20], [20,21], [21,22], [20,23], [20,24], [21,25], [20,24], [21,25], [20,24], 
# Episode 28 (Trapped)
[2,4], [3,4], [4,4], [5,4], [6,4], [7,4], [8,5], [9,6], [10,7], [11,8], [12,8], [13,9], [14,9], [15,10], [16,11], [17,11], [18,11], [19,12], [20,13], [21,14], [21,15], [21,16], [20,17], [19,18], [18,19], [19,20], [20,21], [21,22], [20,23], [20,24], [21,25], [20,24], [21,25], [20,24], 
# Episode 29 (Trapped)
[2,4], [3,4], [4,4], [5,4], [6,4], [7,4], [8,5], [9,6], [10,7], [11,8], [12,9], [13,10], [14,9], [15,10], [16,11], [17,11], [18,11], [19,12], [20,13], [21,14], [21,15], [21,16], [20,17], [19,18], [18,19], [19,20], [20,21], [21,22], [20,23], [20,24], [21,25], [20,24], [21,25], [20,24], 
# Episode 30 (Trapped)
[2,4], [3,4], [4,4], [5,4], [6,4], [7,4], [8,5], [9,6], [10,7], [10,8], [11,9], [12,9], [13,9], [14,9], [15,10], [16,11], [17,11], [18,11], [19,12], [20,13], [21,14], [21,15], [21,16], [20,17], [19,18], [18,19], [19,20], [20,21], [21,22], [20,23], [20,24], [21,25], [20,24], [21,25], [20,24], 
# Episode 31 (Trapped)
[2,4], [3,4], [4,4], [5,4], [6,4], [7,4], [8,5], [9,6], [9,7], [9,8], [10,9], [11,9], [12,9], [13,9], [14,9], [15,10], [16,11], [17,11], [18,11], [19,12], [20,13], [21,14], [21,15], [21,16], [20,17], [19,18], [19,19], [20,20], [20,21], [21,22], [20,23], [20,24], [21,25], [20,24], [21,25], [20,24], 
# Episode 32 (Trapped)
[2,4], [3,4], [4,4], [5,4], [6,4], [7,4], [8,5], [9,5], [10,5], [11,6], [12,7], [13,8], [14,8], [15,9], [16,10], [17,11], [18,11], [19,12], [20,13], [21,14], [21,15], [21,16], [20,17], [19,18], [19,19], [20,20], [20,21], [21,22], [20,23], [20,24], [21,25], [20,24], [21,25], [20,24], 
# Episode 33 (Trapped)
[2,4], [3,4], [4,4], [5,4], [6,4], [7,4], [8,4], [8,3], [9,4], [10,4], [11,5], [12,6], [13,7], [14,7], [15,8], [15,9], [16,10], [17,11], [18,11], [19,12], [20,13], [21,14], [21,15], [21,16], [20,17], [20,18], [21,19], [21,20], [21,21], [22,22], [22,23], [23,24], [23,25], [23,24], [23,25], [23,24], 
# Episode 34 (Trapped)
[2,4], [3,4], [4,4], [5,4], [6,4], [7,4], [8,5], [9,6], [10,7], [11,8], [12,9], [13,9], [14,9], [15,10], [16,11], [17,11], [18,11], [19,12], [20,13], [21,14], [21,15], [20,16], [21,17], [20,18], [21,19], [20,20], [21,21], [22,22], [22,23], [23,24], [23,25], [23,24], [23,25], [23,24], 
# Episode 35 (Trapped)
[2,4], [3,4], [4,4], [5,4], [6,4], [7,4], [8,5], [9,6], [10,7], [11,8], [12,9], [13,9], [14,9], [15,10], [16,11], [17,11], [18,11], [19,12], [20,13], [21,14], [21,15], [20,16], [21,17], [20,18], [21,19], [20,20], [21,21], [22,22], [22,23], [23,24], [23,25], [23,24], [23,25], [23,24], 
# Episode 36 (Trapped)
[2,4], [3,4], [4,4], [5,4], [6,4], [7,4], [8,5], [9,6], [10,7], [11,8], [12,9], [13,9], [14,9], [15,10], [16,11], [17,11], [18,11], [19,12], [20,13], [21,14], [20,15], [21,16], [21,15], [20,15], [21,16], [21,15], [20,15], 
# Episode 37 (Trapped)
[2,4], [3,4], [4,4], [5,4], [6,4], [7,4], [8,5], [9,6], [10,7], [11,8], [12,9], [13,9], [14,9], [15,10], [16,11], [17,11], [18,11], [19,12], [20,13], [21,14], [22,15], [21,15], [20,15], [21,15], [20,15], [21,15], 
# Episode 38 (Trapped)
[2,4], [3,4], [4,4], [5,4], [6,4], [7,4], [8,5], [9,6], [10,7], [11,8], [12,8], [13,9], [14,9], [15,10], [16,11], [17,11], [18,11], [19,12], [20,13], [21,14], [22,15], [21,15], [20,15], [21,15], [20,15], [21,15], 
# Episode 39 (Trapped)
[2,4], [3,4], [4,4], [5,4], [6,4], [7,4], [8,5], [9,6], [10,7], [11,8], [12,9], [13,9], [14,9], [15,10], [16,11], [17,11], [18,11], [19,12], [20,13], [21,14], [22,15], [21,15], [20,15], [21,15], [20,15], [21,15], 
# Episode 40 (Trapped)
[2,4], [3,4], [4,4], [5,4], [6,4], [7,4], [8,5], [7,4], [8,5], [7,4], [8,5], 
# Episode 41 (Trapped)
[2,4], [3,4], [4,4], [5,4], [6,4], [7,4], [8,5], [9,5], [10,5], [11,5], [12,6], [13,7], [12,6], [13,7], [14,7], [15,8], [15,9], [16,10], [17,11], [18,11], [19,12], [20,13], [21,14], [22,15], [21,15], [20,15], [21,15], [20,15], [21,15], 
# Episode 42 (Trapped)
[2,4], [3,4], [4,4], [5,4], [6,4], [7,4], [8,5], [9,6], [10,6], [11,7], [12,8], [13,8], [14,8], [15,9], [16,10], [17,11], [18,11], [19,12], [20,13], [21,14], [20,15], [21,16], [21,15], [20,15], [21,16], [21,15], [20,15], 
# Episode 43 (Trapped)
[2,4], [3,4], [4,4], [5,4], [6,4], [7,4], [8,5], [9,5], [10,5], [11,6], [12,7], [11,6], [12,7], [11,6], 
# Episode 44 (Trapped)
[2,4], [3,4], [4,4], [5,4], [6,4], [7,4], [8,5], [9,5], [10,5], [11,6], [12,7], [11,6], [12,7], [13,8], [14,8], [15,9], [16,10], [17,11], [18,11], [19,12], [20,13], [21,14], [21,15], [20,16], [21,17], [20,18], [21,19], [20,20], [21,21], [22,22], [22,23], [23,24], [23,25], [23,24], [23,25], [23,24], 
# Episode 45 (Trapped)
[2,4], [3,4], [4,4], [5,4], [6,4], [7,4], [8,5], [7,6], [8,7], [9,8], [10,9], [11,9], [12,9], [13,9], [14,9], [15,10], [16,11], [17,11], [18,11], [19,12], [20,13], [21,14], [21,15], [20,16], [21,17], [21,18], [21,19], [21,20], [21,21], [22,22], [22,23], [23,24], [23,25], [23,24], [23,25], [23,24], 
# Episode 46 (Trapped)
[2,4], [3,4], [4,4], [5,4], [6,4], [7,4], [8,5], [9,6], [10,7], [11,8], [12,9], [13,9], [14,9], [15,10], [16,11], [17,11], [18,11], [19,12], [20,13], [21,14], [21,15], [21,16], [20,17], [20,18], [21,19], [21,20], [21,21], [22,22], [22,23], [23,24], [23,25], [23,24], [23,25], [23,24], 
# Episode 47 (Trapped)
[2,4], [3,4], [4,4], [5,4], [6,4], [7,4], [8,5], [9,6], [10,7], [11,8], [12,9], [13,9], [14,9], [15,10], [16,11], [17,11], [18,11], [19,12], [20,13], [21,14], [21,15], [21,16], [20,17], [19,18], [19,19], [20,20], [20,21], [21,22], [20,23], [20,24], [21,25], [20,24], [21,25], [20,24], 
# Episode 48 (Trapped)
[2,4], [3,4], [4,4], [5,4], [6,4], [7,4], [8,5], [9,6], [10,7], [11,8], [12,9], [13,9], [14,9], [15,10], [16,11], [17,11], [18,11], [19,12], [20,13], [21,14], [21,15], [21,16], [20,17], [19,18], [18,19], [19,20], [20,21], [21,22], [20,23], [20,24], [21,25], [20,24], [21,25], [20,24], 
# Episode 49 (Trapped)
[2,4], [3,4], [4,4], [5,4], [6,4], [7,4], [8,5], [9,6], [10,7], [11,7], [12,8], [13,8], [14,8], [15,9], [16,10], [17,11], [18,11], [19,12], [20,13], [21,14], [21,15], [21,16], [20,17], [19,18], [18,19], [19,20], [20,21], [21,22], [20,23], [20,24], [21,25], [20,24], [21,25], [20,24], 
# Episode 50 (Trapped)
[2,4], [3,4], [4,4], [5,4], [6,4], [7,4], [6,3], [7,4], [6,3], [7,4], [6,5], [7,6], [8,7], [9,8], [10,9], [11,9], [12,9], [13,9], [14,9], [15,10], [16,11], [17,11], [18,11], [19,12], [20,13], [21,14], [21,15], [21,16], [20,17], [19,18], [18,19], [19,20], [20,21], [21,22], [20,23], [20,24], [21,25], [20,24], [21,25], [20,24], 
# Episode 51 (Trapped)
[2,4], [3,4], [4,4], [5,4], [6,4], [7,4], [8,4], [9,4], [9,3], [10,3], [11,4], [12,5], [13,6], [14,7], [15,8], [15,9], [16,10], [17,11], [18,11], [19,12], [20,13], [21,14], [21,15], [21,16], [20,17], [19,18], [18,19], [19,20], [20,21], [21,22], [20,23], [20,24], [21,25], [20,24], [21,25], [20,24], 
# Episode 52 (Trapped)
[2,4], [3,4], [4,4], [5,4], [6,4], [7,4], [8,5], [7,4], [8,5], [7,4], [8,5], 
# Episode 53 (Trapped)
[2,4], [3,4], [4,4], [5,4], [6,4], [7,4], [8,5], [9,6], [9,7], [9,8], [10,9], [11,9], [12,9], [13,9], [14,9], [13,10], [14,10], [15,11], [15,10], [16,11], [17,11], [18,11], [19,12], [20,13], [21,14], [21,15], [21,16], [20,17], [19,18], [18,19], [19,20], [20,21], [21,22], [20,23], [20,24], [21,25], [20,24], [21,25], [20,24], 
# Episode 54 (Trapped)
[2,4], [3,4], [4,4], [5,4], [6,4], [7,4], [8,5], [9,6], [8,5], [9,6], [10,7], [11,8], [12,9], [13,9], [14,9], [15,10], [16,11], [17,11], [18,11], [19,12], [20,13], [21,14], [21,15], [21,16], [20,17], [19,18], [18,19], [19,20], [20,21], [21,22], [20,23], [20,24], [21,25], [20,24], [21,25], [20,24], 
# Episode 55 (Trapped)
[2,4], [3,4], [4,4], [5,4], [6,4], [7,4], [8,5], [9,6], [10,7], [11,8], [12,9], [13,9], [14,9], [15,10], [16,11], [17,11], [18,11], [19,12], [20,13], [21,14], [21,15], [21,16], [20,17], [19,18], [18,19], [19,20], [20,21], [21,22], [20,23], [20,24], [21,25], [20,24], [21,25], [20,24], 
# Episode 56 (Trapped)
[2,4], [3,4], [4,4], [5,4], [6,4], [7,4], [8,5], [9,6], [10,7], [11,8], [12,8], [13,8], [14,8], [15,9], [16,10], [17,11], [18,11], [19,12], [20,13], [21,14], [21,15], [21,16], [20,17], [19,18], [19,19], [20,20], [20,21], [21,22], [20,23], [20,24], [21,25], [20,24], [21,25], [20,24], 
# Episode 57 (Trapped)
[2,4], [3,4], [4,4], [5,4], [6,4], [7,4], [8,5], [9,6], [10,7], [11,7], [12,8], [13,8], [14,8], [15,9], [16,10], [17,11], [18,11], [19,12], [20,13], [21,14], [21,15], [21,16], [20,17], [20,18], [21,19], [21,20], [21,21], [22,22], [22,23], [23,24], [23,25], [23,24], [23,25], [23,24], 
# Episode 58 (Trapped)
[2,4], [3,4], [4,4], [5,4], [6,4], [7,4], [8,5], [9,6], [10,7], [11,8], [12,9], [13,9], [14,9], [15,10], [16,11], [17,11], [18,11], [19,12], [20,13], [21,14], [21,15], [21,16], [20,17], [20,18], [21,19], [21,20], [21,21], [22,22], [22,23], [23,24], [23,25], [23,24], [23,25], [23,24], 
# Episode 59 (Trapped)
[2,4], [3,4], [4,4], [5,4], [6,4], [7,5], [8,6], [9,7], [10,8], [11,9], [12,9], [13,9], [14,9], [15,10], [16,11], [17,11], [18,11], [19,12], [20,13], [21,14], [21,15], [20,16], [21,17], [20,18], [21,19], [20,20], [21,21], [22,22], [22,23], [23,24], [23,25], [23,24], [23,25], [23,24], 
# Episode 60 (Trapped)
[2,4], [3,4], [4,4], [5,4], [6,4], [7,4], [6,3], [7,4], [6,3], [7,4], [6,3], 
# Episode 61 (Trapped)
[2,4], [3,4], [4,4], [5,4], [6,4], [7,4], [8,5], [9,6], [9,7], [10,8], [11,8], [12,8], [13,9], [14,9], [15,10], [16,11], [17,11], [18,11], [19,12], [20,13], [21,14], [20,15], [21,16], [21,15], [20,15], [21,16], [21,15], [20,15], 
# Episode 62 (Trapped)
[2,4], [3,4], [4,4], [5,4], [6,4], [7,4], [8,5], [9,6], [8,5], [9,6], [8,5], 
# Episode 63 (Trapped)
[2,4], [3,4], [4,4], [5,4], [6,4], [7,4], [8,5], [9,6], [8,5], [9,6], [8,5], 
# Episode 64 (Trapped)
[2,4], [3,4], [4,4], [5,4], [6,4], [7,4], [8,5], [9,6], [10,7], [11,8], [12,9], [13,9], [14,9], [15,10], [16,11], [17,11], [18,11], [19,12], [20,13], [21,14], [22,15], [21,15], [20,15], [21,15], [20,15], [21,15], 
# Episode 65 (Trapped)
[2,4], [3,4], [4,4], [5,4], [6,4], [7,4], [8,5], [9,6], [10,7], [11,8], [12,9], [12,8], [11,9], [12,9], [13,9], [14,9], [15,10], [16,11], [17,11], [18,11], [19,12], [20,13], [21,14], [22,15], [23,16], [24,17], [25,16], [26,17], [27,16], [26,16], [26,15], [27,16], [26,16], [26,15], [27,16], 
# Episode 66 (Trapped)
[2,4], [3,4], [4,4], [5,4], [6,4], [7,4], [8,5], [9,6], [8,5], [9,6], [8,5], 
# Episode 67 (Trapped)
[2,4], [3,4], [4,4], [5,4], [6,4], [7,4], [8,5], [9,6], [8,5], [9,6], [8,5], 
# Episode 68 (Trapped)
[2,4], [3,4], [4,4], [5,4], [6,4], [7,4], [8,5], [9,6], [8,5], [7,4], [8,5], 
# Episode 69 (Trapped)
[2,4], [3,4], [4,4], [5,4], [6,4], [7,4], [8,5], [7,4], [8,5], [7,6], [8,7], [9,8], [10,9], [11,9], [12,9], [13,9], [14,9], [15,10], [16,11], [17,11], [18,11], [19,12], [20,13], [21,14], [20,15], [21,16], [21,15], [20,15], [21,16], [21,15], [20,15], 
# Episode 70 (Trapped)
[2,4], [3,4], [4,4], [5,4], [6,4], [7,4], [8,4], [9,4], [10,4], [11,5], [12,6], [13,7], [14,7], [15,8], [15,9], [16,10], [17,11], [18,11], [19,12], [20,13], [21,14], [20,15], [21,16], [21,15], [20,15], [21,16], [21,15], [20,15], 
# Episode 71 (Trapped)
[2,4], [3,4], [4,4], [5,4], [6,4], [7,5], [8,6], [9,7], [10,7], [11,8], [12,9], [13,9], [14,9], [15,10], [16,11], [17,11], [18,11], [19,12], [20,13], [21,14], [21,15], [20,16], [21,17], [20,18], [21,19], [20,20], [21,21], [22,22], [22,23], [23,24], [23,25], [23,24], [23,25], [23,24], 
# Episode 72 (Trapped)
[2,4], [3,4], [4,4], [5,4], [6,4], [7,4], [8,5], [9,6], [10,6], [11,7], [12,8], [13,8], [14,8], [15,9], [16,10], [17,11], [18,11], [19,12], [20,13], [21,14], [21,15], [21,16], [20,17], [20,18], [21,19], [21,20], [21,21], [22,22], [22,23], [23,24], [23,25], [23,24], [23,25], [23,24], 
# Episode 73 (Trapped)
[2,4], [3,4], [4,4], [5,4], [6,4], [7,4], [8,5], [9,6], [10,7], [11,8], [12,9], [13,9], [14,9], [15,10], [16,11], [17,11], [18,11], [19,12], [20,13], [21,14], [21,15], [21,16], [20,17], [20,18], [21,19], [21,20], [21,21], [22,22], [22,23], [23,24], [23,25], [23,24], [23,25], [23,24], 
# Episode 74 (Trapped)
[2,4], [3,4], [4,4], [5,4], [6,4], [7,4], [8,5], [9,6], [10,7], [11,8], [12,9], [13,9], [14,9], [15,10], [16,11], [17,11], [18,11], [19,12], [20,13], [21,14], [21,15], [21,16], [20,17], [19,18], [19,19], [20,20], [20,21], [21,22], [20,23], [20,24], [21,25], [20,24], [21,25], [20,24], 
# Episode 75 (Trapped)
[2,4], [3,4], [4,4], [5,4], [6,4], [7,4], [8,5], [9,6], [10,7], [11,8], [12,9], [13,9], [14,9], [15,10], [16,11], [17,11], [18,11], [19,12], [20,13], [21,14], [21,15], [21,16], [20,17], [19,18], [18,19], [19,20], [20,21], [21,22], [20,23], [20,24], [21,25], [20,24], [21,25], [20,24], 
# Episode 76 (Trapped)
[2,4], [3,4], [4,4], [5,4], [6,4], [7,4], [8,5], [9,6], [8,5], [9,6], [8,5], 
# Episode 77 (Trapped)
[2,4], [3,4], [4,4], [5,4], [6,4], [7,4], [8,5], [9,6], [8,5], [9,6], [8,5], 
# Episode 78 (Trapped)
[2,4], [3,4], [4,4], [5,4], [6,4], [7,4], [8,5], [9,6], [8,5], [9,6], [8,5], 
# Episode 79 (Trapped)
[2,4], [3,4], [4,4], [5,4], [6,4], [7,4], [8,5], [7,4], [8,5], [7,4], [8,5], 
# Episode 80 (Trapped)
[2,4], [3,4], [4,4], [5,4], [6,4], [7,4], [8,5], [9,6], [9,7], [9,8], [10,9], [11,9], [12,9], [13,9], [14,9], [15,10], [16,11], [17,11], [18,11], [19,12], [20,13], [21,14], [21,15], [21,16], [20,17], [19,18], [18,19], [19,20], [20,21], [21,22], [20,23], [20,24], [21,25], [20,24], [21,25], [20,24], 
# Episode 81 (Trapped)
[2,4], [3,4], [4,4], [5,4], [6,4], [7,4], [8,5], [9,5], [10,5], [11,6], [12,7], [11,6], [12,7], [11,6], 
# Episode 82 (Trapped)
[2,4], [3,4], [4,4], [5,4], [6,4], [7,4], [8,5], [9,5], [10,5], [11,6], [12,7], [13,8], [14,8], [15,9], [16,10], [17,11], [18,11], [19,12], [20,13], [21,14], [21,15], [21,16], [20,17], [19,18], [18,19], [19,20], [20,21], [21,22], [20,23], [20,24], [21,25], [20,24], [21,25], [20,24], 
