# Episode 1 (Collision)
[12,2], [11,3], [12,4], [13,5], [14,5], [15,6], 
# Episode 2 (Collision)
[12,2], [13,1], [14,2], [15,3], [16,4], [17,3], [18,4], [17,5], [17,4], [18,4], [19,5], [20,6], 
# Episode 3 (Trapped)
[12,2], [13,1], [14,0], [15,1], [16,2], [17,3], [18,2], [17,1], [18,0], [17,1], [18,0], [17,1], 
# Episode 4 (Collision)
[12,2], [13,1], [14,0], [13,1], [14,0], 
# Episode 5 (Collision)
[12,2], [11,2], [12,1], [13,2], [14,3], [13,3], [12,3], [12,2], [13,1], [14,2], [13,2], [14,1], [14,2], [15,3], [16,4], [17,3], [18,4], [19,3], 
# Episode 6 (Trapped)
[12,2], [13,2], [14,3], [15,4], [16,3], [17,4], [18,4], [17,4], [18,4], [19,5], [18,4], 
# Episode 7 (Trapped)
[12,2], [13,1], [14,0], [15,1], [16,2], [17,3], [18,2], [17,1], [18,0], [17,1], [18,0], [17,1], 
# Episode 8 (Collision)
[12,2], [13,1], [14,0], [13,1], [14,0], 
# Episode 9 (Collision)
[12,2], [11,2], [12,1], [13,2], [14,3], [13,3], [12,3], [12,2], [13,1], [14,2], [13,2], [14,1], [14,2], [15,3], [16,4], [17,3], [18,4], [19,3], 
# Episode 10 (Trapped)
[12,2], [13,2], [14,3], [15,4], [16,3], [17,4], [18,4], [17,4], [18,4], [19,5], [18,4], 
# Episode 11 (Trapped)
[12,2], [13,1], [14,0], [15,1], [16,2], [17,3], [18,2], [17,1], [18,0], [17,1], [18,0], [17,1], 
# Episode 12 (Collision)
[12,2], [13,1], [14,0], [13,1], [14,0], 
# Episode 13 (Collision)
[12,2], [11,2], [12,1], [13,2], [14,3], [13,3], [12,3], [12,2], [13,1], [14,2], [13,2], [14,1], [14,2], [15,3], [16,4], [17,3], [18,4], [19,3], 
# Episode 14 (Trapped)
[12,2], [13,2], [14,3], [15,4], [16,3], [17,4], [18,4], [17,4], [18,4], [19,5], [18,4], 
# Episode 15 (Trapped)
[12,2], [13,1], [14,0], [15,1], [16,2], [17,3], [18,2], [17,1], [18,0], [17,1], [18,0], [17,1], 
# Episode 16 (Collision)
[12,2], [13,1], [14,0], [13,1], [14,0], 
# Episode 17 (Collision)
[12,2], [11,2], [12,1], [13,2], [14,3], [13,3], [12,3], [12,2], [13,1], [14,2], [13,2], [14,1], [14,2], [15,3], [16,4], [17,3], [18,4], [19,3], 
# Episode 18 (Trapped)
[12,2], [13,2], [14,3], [15,4], [16,3], [17,4], [18,4], [17,4], [18,4], [19,5], [18,4], 
# Episode 19 (Trapped)
[12,2], [13,1], [14,0], [15,1], [16,2], [17,3], [18,2], [17,1], [18,0], [17,1], [18,0], [17,1], 
# Episode 20 (Collision)
[12,2], [13,1], [14,0], [13,1], [14,0], 
