# Episode 1
[12,2], [12,3], [12,4], [12,5], [12,6], [12,7], [12,8], [12,9], [12,10], [12,11], [12,12], [12,13], [12,14], [12,15], [12,16], [12,17], [12,18], [12,2], 
# Episode 2
[12,2], [12,3], [12,4], [12,5], [12,6], [12,7], [12,8], [12,9], [12,10], [12,11], [12,12], [12,13], [12,14], [12,15], [12,16], [12,17], [12,18], [12,2], 
# Episode 3
[12,2], [12,3], [12,4], [12,5], [12,6], [12,7], [12,8], [12,9], [12,10], [12,11], [12,12], [12,13], [12,14], [12,15], [12,16], [12,17], [12,18], [12,2], 
# Episode 4
[12,2], [12,3], [12,4], [12,5], [12,6], [12,7], [12,8], [12,9], [12,10], [12,11], [12,12], [12,13], [12,14], [12,15], [12,16], [12,17], [12,18], [12,2], 
# Episode 5
[12,2], [12,3], [12,4], [12,5], [12,6], [12,7], [12,8], [12,9], [12,10], [12,11], [12,12], [12,13], [12,14], [12,15], [12,16], [12,17], [12,18], [12,2], 
# Episode 6
[12,2], [12,3], [12,4], [12,5], [12,6], [12,7], [12,8], [12,9], [12,10], [12,11], [12,12], [12,13], [12,14], [12,15], [12,16], [12,17], [12,18], [12,2], 
# Episode 7
[12,2], [12,3], [12,4], [12,5], [12,6], [12,7], [12,8], [12,9], [12,10], [12,11], [12,12], [12,13], [12,14], [12,15], [12,16], [12,17], [12,18], [12,2], 
# Episode 8
[12,2], [12,3], [12,4], [12,5], [12,6], [12,7], [12,8], [12,9], [12,10], [12,11], [12,12], [12,13], [12,14], [12,15], [12,16], [12,17], [12,18], [12,2], 
# Episode 9
[12,2], [12,3], [12,4], [12,5], [12,6], [12,7], [12,8], [12,9], [12,10], [12,11], [12,12], [12,13], [12,14], [12,15], [12,16], [12,17], [12,18], [12,2], 
# Episode 10
[12,2], [12,3], [12,4], [12,5], [12,6], [12,7], [12,8], [12,9], [12,10], [12,11], [12,12], [12,13], [12,14], [12,15], [12,16], [12,17], [12,18], [12,2], 
# Episode 11
[12,2], [12,3], [12,4], [12,5], [12,6], [12,7], [12,8], [12,9], [12,10], [12,11], [12,12], [12,13], [12,14], [12,15], [12,16], [12,17], [12,18], [12,2], 
# Episode 12
[12,2], [12,3], [12,4], [12,5], [12,6], [12,7], [12,8], [12,9], [12,10], [12,11], [12,12], [12,13], [12,14], [12,15], [12,16], [12,17], [12,18], [12,2], 
# Episode 13
[12,2], [12,3], [12,4], [12,5], [12,6], [12,7], [12,8], [12,9], [12,10], [12,11], [12,12], [12,13], [12,14], [12,15], [12,16], [12,17], [12,18], [12,2], 
# Episode 14
[12,2], [12,3], [12,4], [12,5], [12,6], [12,7], [12,8], [12,9], [12,10], [12,11], [12,12], [12,13], [12,14], [12,15], [12,16], [12,17], [12,18], [12,2], 
# Episode 15
[12,2], [12,3], [12,4], [12,5], [12,6], [12,7], [12,8], [12,9], [12,10], [12,11], [12,2], 
# Episode 16
[12,2], [12,3], [12,4], [12,5], [12,6], [12,7], [12,8], [12,9], [12,10], [12,11], [12,2], 
# Episode 17
[12,2], [12,3], [12,4], [12,5], [12,6], [12,7], [12,8], [12,9], [12,10], [12,11], [12,2], 
# Episode 18
[12,2], [12,3], [12,4], [12,5], [12,6], [12,7], [12,8], [12,9], [12,10], [12,11], [12,2], 
# Episode 19
[12,2], [12,3], [12,4], [12,5], [12,6], [12,7], [12,8], [12,9], [12,10], [12,11], [12,2], 
# Episode 20
[12,2], [12,3], [12,4], [12,5], [12,6], [12,7], [12,8], [12,9], [12,10], [12,11], [12,2], 
# Episode 21
[12,2], [12,3], [12,4], [12,5], [12,6], [12,7], [12,8], [12,9], [12,10], [12,11], [12,2], 
# Episode 22
[12,2], [12,3], [12,4], [12,5], [12,6], [12,7], [12,8], [12,9], [12,10], [12,11], [12,2], 
# Episode 23
[12,2], [12,3], [12,4], [12,5], [12,6], [12,7], [12,8], [12,9], [12,10], [12,11], [12,2], 
# Episode 24
[12,2], [12,3], [12,4], [12,5], [12,6], [12,7], [12,8], [12,9], [12,10], [12,11], [12,2], 
# Episode 25
[12,2], [12,3], [12,4], [12,5], [12,6], [12,7], [12,8], [12,9], [12,10], [12,11], [12,2], 
# Episode 26
[12,2], [12,3], [12,4], [12,5], [12,6], [12,7], [12,8], [12,9], [12,10], [12,11], [12,2], 
# Episode 27
[12,2], [12,3], [12,4], [12,5], [12,6], [12,7], [12,8], [12,9], [12,10], [12,11], [12,2], 
# Episode 28
[12,2], [12,3], [12,4], [12,5], [12,6], [12,7], [12,8], [12,9], [12,10], [12,11], [12,2], 
# Episode 29
[12,2], [12,3], [12,4], [12,5], [12,6], [12,7], [12,8], [12,9], [12,10], [12,11], [12,2], 
# Episode 30
[12,2], [12,3], [12,4], [12,5], [12,6], [12,7], [12,8], [12,9], [12,10], [12,11], [12,2], 
# Episode 31
[12,2], [12,3], [12,4], [12,5], [12,6], [12,7], [12,8], [12,9], [12,10], [12,11], [12,2], 
# Episode 32
[12,2], [12,3], [12,4], [12,5], [12,6], [12,7], [12,8], [12,9], [12,10], [12,11], [12,12], [12,13], [12,14], [12,15], [12,16], [12,17], [12,18], [12,2], 
# Episode 33
[12,2], [12,3], [12,4], [12,5], [12,6], [12,7], [12,8], [12,9], [12,10], [12,11], [12,12], [12,13], [12,14], [12,15], [12,16], [12,17], [12,18], [12,2], 
# Episode 34
[12,2], [12,3], [12,4], [12,5], [12,6], [12,7], [12,8], [12,9], [12,10], [12,11], [12,12], [12,13], [12,14], [12,15], [12,16], [12,17], [12,18], [12,2], 
# Episode 35
[12,2], [12,3], [12,4], [12,5], [12,6], [12,7], [12,8], [12,9], [12,10], [12,11], [12,12], [12,13], [12,14], [12,15], [12,16], [12,17], [12,18], [12,2], 
# Episode 36
[12,2], [12,3], [12,4], [12,5], [12,6], [12,7], [12,8], [12,9], [12,10], [12,11], [12,12], [12,13], [12,14], [12,15], [12,16], [12,17], [12,18], [12,2], 
# Episode 37
[12,2], [12,3], [12,4], [12,5], [12,6], [12,7], [12,8], [12,9], [12,10], [12,11], [12,12], [12,13], [12,14], [12,15], [12,16], [12,17], [12,18], [12,2], 
# Episode 38
[12,2], [12,3], [12,4], [12,5], [12,6], [12,7], [12,8], [12,9], [12,10], [12,11], [12,12], [12,13], [12,14], [12,15], [12,16], [12,17], [12,18], [12,2], 
# Episode 39
[12,2], [12,3], [12,4], [12,5], [12,6], [12,7], [12,8], [12,9], [12,10], [12,11], [12,12], [12,13], [12,14], [12,15], [12,16], [12,17], [12,18], [12,2], 
# Episode 40
[12,2], [12,3], [12,4], [12,5], [12,6], [12,7], [12,8], [12,9], [12,10], [12,11], [12,12], [12,13], [12,14], [12,15], [12,16], [12,17], [12,18], [12,2], 
# Episode 41
[12,2], [12,3], [12,4], [12,5], [12,6], [12,7], [12,8], [12,9], [12,10], [12,11], [12,12], [12,13], [12,14], [12,15], [12,16], [12,17], [12,18], [12,2], 
# Episode 42
[12,2], [12,3], [12,4], [12,5], [12,6], [12,7], [12,8], [12,9], [12,10], [12,11], [12,12], [12,13], [12,14], [12,15], [12,16], [12,17], [12,18], [12,2], 
# Episode 43
[12,2], [12,3], [12,4], [12,5], [12,6], [12,7], [12,8], [12,9], [12,10], [12,11], [12,12], [12,13], [12,14], [12,15], [12,16], [12,17], [12,18], [12,2], 
# Episode 44
[12,2], [12,3], [12,4], [12,5], [12,6], [12,7], [12,8], [12,9], [12,10], [12,11], [12,12], [12,13], [12,14], [12,15], [12,16], [12,17], [12,18], [12,2], 
# Episode 45
[12,2], [12,3], [12,4], [12,5], [12,6], [12,7], [12,8], [12,9], [12,10], [12,11], [12,12], [12,13], [12,14], [12,15], [12,16], [12,17], [12,18], [12,2], 
# Episode 46
[12,2], [12,3], [12,4], [12,5], [12,6], [12,7], [12,8], [12,9], [12,10], [12,11], [12,12], [12,13], [12,14], [12,15], [12,16], [12,17], [12,18], [12,2], 
# Episode 47
[12,2], [12,3], [12,4], [12,5], [12,6], [12,7], [12,8], [12,9], [12,10], [12,11], [12,12], [12,13], [12,14], [12,15], [12,16], [12,17], [12,18], [12,2], 
# Episode 48
[12,2], [12,3], [12,4], [12,5], [12,6], [12,7], [12,8], [12,9], [12,10], [12,11], [12,12], [12,13], [12,14], [12,15], [12,16], [12,17], [12,18], [12,2], 
# Episode 49
[12,2], [12,3], [12,4], [12,5], [12,6], [12,7], [12,8], [12,9], [12,10], [12,11], [12,12], [12,13], [12,14], [12,15], [12,16], [12,17], [12,18], [12,2], 
# Episode 50
[12,2], [12,3], [12,4], [12,5], [12,6], [12,7], [12,8], [12,9], [12,10], [12,11], [12,12], [12,13], [12,14], [12,15], [12,16], [12,17], [12,18], [12,2], 
