# Episode 1
[12,2], [11,3], [12,4], [13,5], [14,5], [12,2], 
# Episode 2
[12,2], [13,1], [14,2], [15,3], [16,4], [17,3], [18,4], [17,5], [17,4], [18,4], [19,5], [12,2], 
# Episode 3 (Trapped)
[12,2], [13,1], [14,0], [15,1], [16,2], [17,3], [18,2], [17,1], [18,0], [17,1], [18,0], [17,1], 
# Episode 4
[12,2], [13,1], [14,0], [13,1], [14,0], [12,2], 
# Episode 5
[12,2], [11,2], [12,1], [13,2], [14,3], [13,3], [12,3], [12,2], [13,1], [14,2], [13,2], [14,1], [14,2], [15,3], [16,4], [17,3], [18,4], [12,2], 
