# Episode 1 (Goal)
[4,4], [5,5], [6,6], [7,7], [8,8], [8,9], [9,10], [10,11], [11,12], [12,13], [13,14], [14,15], [15,16], [15,17], [15,18], [15,19], [16,20], [17,21], [18,22], [19,23], [20,24], [21,25], [22,26], [23,27], [24,28], [25,28], [26,28], [27,29], [28,29], [29,30]
# Episode 2 (Collision)
[4,4], [5,5], [6,6], [7,7], [8,8], [8,9], [9,10], [9,11], [9,12], [10,13], [10,14], [9,15], [9,16], [9,17], [8,18], [8,19], [7,20], [8,21], [9,21], [10,22]
# Episode 3 (Collision)
[4,4], [5,5], [6,6], [7,7], [8,8], [8,9], [9,10], [9,11], [9,12], [10,13], [10,14], [9,15], [9,16], [9,17], [8,18], [8,19], [7,20], [8,21], [9,21], [10,22]
# Episode 4 (Collision)
[4,4], [5,5], [6,6], [7,7], [8,8], [8,9], [9,10], [9,11], [9,12], [10,13], [10,14], [9,15], [9,16], [9,17], [8,18], [8,19], [7,20], [8,21], [9,21], [10,22], [11,22]
# Episode 5 (Collision)
[4,4], [5,5], [6,6], [7,7], [8,8], [8,9], [9,10], [9,11], [9,12], [9,13], [9,14], [9,15], [9,16], [9,17], [9,18], [9,19], [9,20], [10,21], [11,22], [12,23]
# Episode 6 (Collision)
[4,4], [5,5], [6,6], [7,7], [8,8], [8,9], [9,10], [9,11], [9,12], [10,13], [10,14], [9,15], [9,16], [9,17], [8,18], [8,19], [7,20], [8,21], [9,21], [10,22], [11,22], [12,23], [13,23]
# Episode 7 (Collision)
[4,4], [5,5], [6,6], [7,7], [8,8], [8,9], [9,10], [9,11], [9,12], [9,13], [9,14], [9,15], [9,16], [9,17], [9,18], [9,19], [9,20], [9,21], [9,22], [10,22], [11,22], [12,22], [13,22]
# Episode 8 (Collision)
[4,4], [5,5], [6,6], [7,7], [8,8], [9,9], [10,10], [11,11], [12,12], [13,13], [13,14], [14,15], [15,16], [16,17], [17,18], [18,17], [19,17], [20,18], [21,18], [22,19], [23,20], [24,21], [23,21], [24,21], [23,21], [24,21], [23,21], [24,21], [23,21], [24,21], [23,21], [24,21], [23,21], [24,21], [23,21], [24,21], [23,21], [24,21], [23,21], [24,21], [23,21], [24,21], [23,21], [24,21], [23,21], [24,21], [23,21], [24,21], [23,21], [24,21], [23,21], [23,20], [22,19], [21,18], [20,17], [19,17], [18,17], [17,17], [16,17], [15,17], [14,17], [15,18], [16,19], [16,20], [17,21], [18,22], [19,23], [20,24], [20,25]
# Episode 9 (Goal)
[4,4], [5,5], [6,6], [7,7], [8,8], [9,9], [10,10], [11,11], [12,12], [13,13], [13,14], [14,15], [15,16], [16,17], [17,18], [16,19], [16,20], [17,21], [18,22], [19,23], [20,24], [20,25], [20,26], [21,26], [22,27], [23,27], [24,28], [25,28], [26,28], [27,29], [28,29], [29,30]
# Episode 10 (Collision)
[4,4], [5,5], [6,6], [7,7], [8,8], [8,9], [9,10], [9,11], [9,12], [9,13], [9,14], [9,15], [9,16], [9,17], [9,18], [9,19], [9,20], [10,21], [11,22], [12,23], [13,23], [14,23], [15,24], [16,24], [17,25], [18,25], [19,26]
# Episode 11 (Collision)
[4,4], [5,5], [6,6], [7,7], [8,8], [9,9], [9,10], [9,11], [9,12], [9,13], [9,14], [9,15], [9,16], [9,17], [9,18], [9,19], [9,20], [9,21], [9,22]
# Episode 12 (Collision)
[4,4], [4,5], [4,6], [5,7], [6,8], [7,9], [7,10], [8,11], [9,12], [9,13], [9,14], [9,15], [9,16], [9,17], [9,18], [9,19], [9,20], [9,21], [9,22]
# Episode 13 (Collision)
[4,4], [4,5], [4,6], [5,7], [6,8], [7,9], [7,10], [8,11], [9,12], [9,13], [9,14], [9,15], [9,16], [9,17], [9,18], [9,19], [9,20], [9,21], [9,22]
# Episode 14 (Collision)
[4,4], [4,5], [4,6], [5,7], [6,8], [7,9], [7,10], [8,11], [9,12], [9,13], [9,14], [9,15], [9,16], [9,17], [9,18], [9,19], [9,20], [9,21], [9,22], [9,23], [9,24], [10,25], [10,26], [11,27], [11,28], [11,29], [12,30], [12,31], [13,31], [14,30], [15,30], [16,30], [17,29], [18,29], [19,29], [19,28]
# Episode 15 (Goal)
[4,4], [5,5], [6,6], [7,7], [8,8], [9,9], [10,10], [11,11], [12,12], [13,13], [13,14], [14,15], [15,16], [16,17], [17,18], [16,19], [16,20], [17,21], [18,22], [19,23], [20,24], [21,25], [22,26], [23,27], [24,28], [25,29], [25,30], [26,30], [27,31], [28,31], [29,30]
# Episode 16 (Collision)
[4,4], [5,5], [6,6], [7,7], [8,8], [8,9], [9,10], [9,11], [9,12], [9,13], [9,14], [9,15], [9,16], [9,17], [9,18], [9,19], [9,20], [9,21], [9,22], [10,22], [11,22], [12,22], [13,22]
# Episode 17 (Goal)
[4,4], [5,5], [6,6], [7,7], [8,8], [9,9], [10,10], [11,11], [12,12], [13,13], [13,14], [14,15], [15,16], [16,17], [17,18], [18,17], [19,17], [20,18], [21,18], [22,19], [23,20], [24,21], [23,21], [24,21], [23,21], [24,21], [23,21], [24,21], [23,21], [24,21], [23,21], [24,21], [23,21], [24,21], [23,21], [24,21], [23,21], [24,21], [23,21], [24,21], [23,21], [24,21], [23,21], [24,21], [23,21], [24,21], [23,21], [24,21], [23,21], [24,21], [23,21], [23,20], [22,19], [21,18], [20,17], [19,17], [18,17], [17,17], [16,17], [15,17], [14,17], [15,18], [16,19], [16,20], [17,21], [18,22], [19,23], [20,24], [20,25], [20,26], [21,26], [22,27], [23,27], [24,28], [25,28], [26,28], [27,29], [28,29], [29,30]
# Episode 18 (Collision)
[4,4], [5,5], [6,6], [7,7], [8,8], [8,9], [9,10], [9,11], [9,12], [9,13], [9,14], [9,15], [9,16], [9,17], [9,18], [9,19], [9,20], [10,21], [11,22]
# Episode 19 (Collision)
[4,4], [5,5], [6,6], [7,7], [8,8], [9,9], [9,10], [9,11], [10,12], [10,13], [10,14], [10,15], [9,16], [9,17], [8,18], [8,19], [8,20], [9,21], [10,22]
# Episode 20 (Collision)
[4,4], [5,5], [6,6], [7,7], [8,8], [9,9], [9,10], [9,11], [10,12], [10,13], [10,14], [10,15], [9,16], [9,17], [8,18], [8,19], [8,20], [9,21], [10,22]
# Episode 21 (Collision)
[4,4], [5,5], [6,6], [7,7], [8,8], [9,9], [9,10], [9,11], [10,12], [10,13], [10,14], [10,15], [9,16], [9,17], [8,18], [8,19], [8,20], [9,21], [10,22], [11,22], [12,23], [13,23], [14,23], [15,24], [16,24], [17,25], [18,25], [19,26], [20,26]
# Episode 22 (Collision)
[4,4], [5,5], [6,6], [7,7], [8,8], [9,9], [9,10], [9,11], [10,12], [10,13], [10,14], [10,15], [9,16], [9,17], [8,18], [8,19], [8,20], [9,21], [10,22]
# Episode 23 (Collision)
[4,4], [5,5], [6,6], [7,7], [8,8], [9,9], [9,10], [9,11], [10,12], [10,13], [10,14], [10,15], [9,16], [9,17], [8,18], [8,19], [8,20], [9,21], [10,22]
# Episode 24 (Collision)
[4,4], [5,5], [6,6], [7,7], [8,8], [9,9], [9,10], [9,11], [10,12], [10,13], [10,14], [10,15], [9,16], [9,17], [8,18], [8,19], [8,20], [9,21], [10,22]
# Episode 25 (Collision)
[4,4], [5,5], [6,6], [7,7], [8,8], [9,9], [9,10], [9,11], [10,12], [10,13], [10,14], [10,15], [9,16], [9,17], [8,18], [8,19], [8,20], [9,21], [10,22]
# Episode 26 (Collision)
[4,4], [5,5], [6,6], [7,7], [8,8], [9,9], [9,10], [9,11], [10,12], [10,13], [10,14], [10,15], [9,16], [9,17], [8,18], [8,19], [8,20], [9,21], [10,22], [11,22]
# Episode 27 (Collision)
[4,4], [5,5], [6,6], [7,7], [8,8], [8,9], [9,10], [9,11], [9,12], [10,13], [10,14], [9,15], [9,16], [9,17], [8,18], [8,19], [7,20], [8,21], [9,21], [10,22], [11,22], [12,23]
# Episode 28 (Collision)
[4,4], [5,5], [6,6], [7,7], [8,8], [9,9], [9,10], [9,11], [9,12], [9,13], [9,14], [9,15], [9,16], [9,17], [9,18], [9,19], [9,20], [9,21], [9,22], [9,23], [9,24], [10,25], [10,26], [11,27], [11,28], [11,29], [12,30], [12,31], [13,31], [14,30], [15,30], [16,30], [17,29], [18,29], [19,29], [19,28]
# Episode 29 (Goal)
[4,4], [5,5], [6,6], [7,7], [8,8], [9,9], [10,10], [11,11], [12,12], [13,13], [13,14], [14,15], [15,16], [16,17], [17,18], [16,19], [16,20], [17,21], [18,22], [19,23], [20,24], [21,25], [22,26], [23,27], [24,28], [25,29], [25,30], [26,30], [27,31], [28,31], [29,30]
# Episode 30 (Collision)
[4,4], [5,5], [6,6], [7,7], [8,8], [8,9], [9,10], [9,11], [9,12], [9,13], [9,14], [9,15], [9,16], [9,17], [9,18], [9,19], [9,20], [9,21], [9,22], [10,22], [11,22]
# Episode 31 (Collision)
[4,4], [5,5], [6,6], [7,7], [8,8], [9,9], [10,10], [11,11], [12,12], [13,13], [13,14], [14,15], [15,16], [16,17], [17,18], [18,17], [19,17], [20,18], [21,18], [22,19], [23,20], [24,21], [23,21], [24,21], [23,21], [24,21], [23,21], [24,21], [23,21], [24,21], [23,21], [24,21], [23,21], [24,21], [23,21], [24,21], [23,21], [24,21], [23,21], [24,21], [23,21], [24,21], [23,21], [24,21], [23,21], [24,21], [23,21], [24,21], [23,21], [24,21], [23,21], [23,20], [22,19], [21,18], [20,17], [19,17], [18,17], [17,17], [16,17], [15,17], [14,17], [15,18], [16,19], [16,20], [17,21], [18,22], [19,23], [20,24]
# Episode 32 (Collision)
[4,4], [5,5], [6,6], [7,7], [8,8], [9,9], [10,10], [11,11], [12,12], [13,13], [13,14], [14,15], [15,16], [16,17], [17,18], [16,19], [16,20], [17,21], [18,22], [19,23]
# Episode 33 (Goal)
[4,4], [5,5], [6,6], [7,7], [8,8], [9,9], [10,10], [11,11], [12,12], [13,13], [13,14], [14,15], [15,16], [16,17], [17,18], [16,19], [16,20], [17,21], [18,22], [19,23], [20,24], [20,25], [20,26], [21,26], [22,27], [23,27], [24,28], [25,28], [26,28], [27,29], [28,29], [29,30]
# Episode 34 (Collision)
[4,4], [5,5], [6,6], [7,7], [8,8], [8,9], [9,10], [9,11], [9,12], [9,13], [9,14], [9,15], [9,16], [9,17], [9,18], [9,19], [9,20], [10,21], [11,22]
# Episode 35 (Collision)
[4,4], [5,5], [6,6], [7,7], [8,8], [9,9], [9,10], [9,11], [10,12], [10,13], [10,14], [10,15], [9,16], [9,17], [8,18], [8,19], [8,20], [9,21], [10,22]
# Episode 36 (Collision)
[4,4], [5,5], [6,6], [7,7], [8,8], [9,9], [9,10], [9,11], [10,12], [10,13], [10,14], [10,15], [9,16], [9,17], [8,18], [8,19], [8,20], [9,21], [10,22], [11,22]
# Episode 37 (Collision)
[4,4], [5,5], [6,6], [7,7], [8,8], [8,9], [9,10], [9,11], [9,12], [10,13], [10,14], [9,15], [9,16], [9,17], [8,18], [8,19], [7,20], [8,21], [9,21], [10,22], [11,22], [12,23]
# Episode 38 (Collision)
[4,4], [5,5], [6,6], [7,7], [8,8], [9,9], [9,10], [9,11], [9,12], [9,13], [9,14], [9,15], [9,16], [9,17], [9,18], [9,19], [9,20], [9,21], [9,22], [9,23], [9,24], [10,25], [10,26], [11,27], [11,28], [11,29], [12,30], [12,31], [13,31], [14,30], [15,30], [16,30], [17,29], [18,29], [19,29], [19,28]
# Episode 39 (Goal)
[4,4], [5,5], [6,6], [7,7], [8,8], [9,9], [10,10], [11,11], [12,12], [13,13], [13,14], [14,15], [15,16], [16,17], [17,18], [16,19], [16,20], [17,21], [18,22], [19,23], [20,24], [21,25], [22,26], [23,27], [24,28], [25,29], [25,30], [26,30], [27,31], [28,31], [29,30]
# Episode 40 (Collision)
[4,4], [5,5], [6,6], [7,7], [8,8], [8,9], [9,10], [9,11], [9,12], [9,13], [9,14], [9,15], [9,16], [9,17], [9,18], [9,19], [9,20], [9,21], [9,22], [10,22], [11,22], [12,22]
# Episode 41 (Goal)
[4,4], [5,5], [6,6], [7,7], [8,8], [9,9], [10,10], [11,11], [12,12], [13,13], [13,14], [14,15], [15,16], [16,17], [17,18], [18,17], [19,17], [20,18], [21,18], [22,19], [23,20], [24,21], [23,21], [24,21], [23,21], [24,21], [23,21], [24,21], [23,21], [24,21], [23,21], [24,21], [23,21], [24,21], [23,21], [24,21], [23,21], [24,21], [23,21], [24,21], [23,21], [24,21], [23,21], [24,21], [23,21], [24,21], [23,21], [24,21], [23,21], [24,21], [23,21], [23,20], [22,19], [21,18], [20,17], [19,17], [18,17], [17,17], [16,17], [15,17], [14,17], [15,18], [16,19], [16,20], [17,21], [18,22], [19,23], [20,24], [20,25], [20,26], [21,26], [22,27], [23,27], [24,28], [25,28], [26,28], [27,29], [28,29], [29,30]
# Episode 42 (Collision)
[4,4], [5,5], [6,6], [7,7], [8,8], [8,9], [9,10], [9,11], [9,12], [9,13], [9,14], [9,15], [9,16], [9,17], [9,18], [9,19], [9,20], [10,21], [11,22], [12,23], [13,23], [14,23], [15,24], [16,24], [17,25], [18,25]
# Episode 43 (Goal)
[4,4], [5,5], [6,6], [7,7], [8,8], [8,9], [9,10], [9,11], [9,12], [9,13], [9,14], [9,15], [9,16], [9,17], [9,18], [9,19], [9,20], [10,21], [11,22], [12,23], [13,23], [14,23], [15,24], [16,24], [17,25], [18,25], [19,26], [20,26], [21,26], [22,27], [23,27], [24,28], [25,28], [26,28], [27,29], [28,29], [29,30]
# Episode 44 (Goal)
[4,4], [5,5], [6,6], [7,7], [8,8], [9,9], [9,10], [9,11], [9,12], [9,13], [9,14], [9,15], [9,16], [9,17], [9,18], [9,19], [9,20], [9,21], [9,22], [9,23], [9,24], [10,25], [10,26], [11,27], [11,28], [11,29], [12,30], [12,31], [13,31], [14,30], [15,30], [16,30], [17,29], [18,29], [19,29], [19,28], [19,29], [19,28], [19,29], [19,28], [19,29], [19,28], [19,29], [19,28], [19,29], [19,28], [19,29], [19,28], [19,29], [19,28], [19,29], [19,28], [19,29], [19,28], [19,29], [19,28], [19,29], [19,28], [19,29], [19,28], [19,29], [19,28], [19,29], [19,28], [18,27], [19,27], [20,27], [21,27], [22,27], [23,27], [24,28], [25,28], [26,28], [27,29], [28,29], [29,30]
# Episode 45 (Collision)
[4,4], [5,5], [6,6], [7,7], [8,8], [8,9], [9,10], [9,11], [9,12], [10,13], [10,14], [9,15], [9,16], [9,17], [8,18], [8,19], [7,20], [8,21], [9,21], [10,22], [11,22], [12,23], [13,23]
# Episode 46 (Collision)
[4,4], [5,5], [6,6], [7,7], [8,8], [8,9], [9,10], [9,11], [9,12], [9,13], [9,14], [9,15], [9,16], [9,17], [9,18], [9,19], [9,20], [9,21], [9,22], [10,22], [11,22], [12,22], [13,22]
# Episode 47 (Goal)
[4,4], [5,5], [6,6], [7,7], [8,8], [9,9], [10,10], [11,11], [12,12], [13,13], [13,14], [14,15], [15,16], [16,17], [17,18], [18,17], [19,17], [20,18], [21,18], [22,19], [23,20], [24,21], [23,21], [24,21], [23,21], [24,21], [23,21], [24,21], [23,21], [24,21], [23,21], [24,21], [23,21], [24,21], [23,21], [24,21], [23,21], [24,21], [23,21], [24,21], [23,21], [24,21], [23,21], [24,21], [23,21], [24,21], [23,21], [24,21], [23,21], [24,21], [23,21], [23,20], [22,19], [21,18], [20,17], [19,17], [18,17], [17,17], [16,17], [15,17], [14,17], [15,18], [16,19], [16,20], [17,21], [18,22], [19,23], [20,24], [20,25], [20,26], [21,26], [22,27], [23,27], [24,28], [25,28], [26,28], [27,29], [28,29], [29,30]
# Episode 48 (Goal)
[4,4], [5,5], [6,6], [7,7], [8,8], [8,9], [9,10], [9,11], [9,12], [9,13], [9,14], [9,15], [9,16], [9,17], [9,18], [9,19], [9,20], [10,21], [11,22], [12,23], [13,23], [14,23], [15,24], [16,24], [17,25], [18,25], [19,26], [20,26], [21,26], [22,27], [23,27], [24,28], [25,28], [26,28], [27,29], [28,29], [29,30]
# Episode 49 (Collision)
[4,4], [5,5], [6,6], [7,7], [8,8], [9,9], [9,10], [9,11], [9,12], [9,13], [9,14], [9,15], [9,16], [9,17], [9,18], [9,19], [9,20], [9,21], [9,22]
# Episode 50 (Collision)
[4,4], [4,5], [4,6], [5,7], [6,8], [7,9], [7,10], [8,11], [9,12], [9,13], [9,14], [9,15], [9,16], [9,17], [9,18], [9,19], [9,20], [9,21], [9,22]
# Episode 51 (Collision)
[4,4], [4,5], [4,6], [5,7], [6,8], [7,9], [7,10], [8,11], [9,12], [9,13], [9,14], [9,15], [9,16], [9,17], [9,18], [9,19], [9,20], [9,21], [9,22]
# Episode 52 (Goal)
[4,4], [4,5], [4,6], [5,7], [6,8], [7,9], [7,10], [8,11], [9,12], [9,13], [9,14], [9,15], [9,16], [9,17], [9,18], [9,19], [9,20], [9,21], [9,22], [9,23], [9,24], [10,25], [10,26], [11,27], [11,28], [11,29], [12,30], [12,31], [13,31], [14,30], [15,30], [16,30], [17,29], [18,29], [19,29], [19,28], [19,29], [19,28], [19,29], [19,28], [19,29], [19,28], [19,29], [19,28], [19,29], [19,28], [19,29], [19,28], [19,29], [19,28], [19,29], [19,28], [19,29], [19,28], [19,29], [19,28], [19,29], [19,28], [19,29], [19,28], [19,29], [19,28], [19,29], [19,28], [18,27], [19,27], [20,27], [21,27], [22,27], [23,27], [24,28], [25,28], [26,28], [27,29], [28,29], [29,30]
# Episode 53 (Collision)
[4,4], [5,5], [6,6], [7,7], [8,8], [8,9], [9,10], [9,11], [9,12], [10,13], [10,14], [9,15], [9,16], [9,17], [8,18], [8,19], [7,20], [8,21], [9,21], [10,22], [11,22], [12,23], [13,23]
# Episode 54 (Collision)
[4,4], [5,5], [6,6], [7,7], [8,8], [8,9], [9,10], [9,11], [9,12], [9,13], [9,14], [9,15], [9,16], [9,17], [9,18], [9,19], [9,20], [9,21], [9,22], [10,22], [11,22], [12,22], [13,22]
# Episode 55 (Goal)
[4,4], [5,5], [6,6], [7,7], [8,8], [9,9], [10,10], [11,11], [12,12], [13,13], [13,14], [14,15], [15,16], [16,17], [17,18], [18,17], [19,17], [20,18], [21,18], [22,19], [23,20], [24,21], [23,21], [24,21], [23,21], [24,21], [23,21], [24,21], [23,21], [24,21], [23,21], [24,21], [23,21], [24,21], [23,21], [24,21], [23,21], [24,21], [23,21], [24,21], [23,21], [24,21], [23,21], [24,21], [23,21], [24,21], [23,21], [24,21], [23,21], [24,21], [23,21], [23,20], [22,19], [21,18], [20,17], [19,17], [18,17], [17,17], [16,17], [15,17], [14,17], [15,18], [16,19], [16,20], [17,21], [18,22], [19,23], [20,24], [20,25], [20,26], [21,26], [22,27], [23,27], [24,28], [25,28], [26,28], [27,29], [28,29], [29,30]
# Episode 56 (Goal)
[4,4], [5,5], [6,6], [7,7], [8,8], [8,9], [9,10], [9,11], [9,12], [9,13], [9,14], [9,15], [9,16], [9,17], [9,18], [9,19], [9,20], [10,21], [11,22], [12,23], [13,23], [14,23], [15,24], [16,24], [17,25], [18,25], [19,26], [20,26], [21,26], [22,27], [23,27], [24,28], [25,28], [26,28], [27,29], [28,29], [29,30]
# Episode 57 (Collision)
[4,4], [5,5], [6,6], [7,7], [8,8], [9,9], [9,10], [9,11], [9,12], [9,13], [9,14], [9,15], [9,16], [9,17], [9,18], [9,19], [9,20], [9,21], [9,22]
# Episode 58 (Collision)
[4,4], [4,5], [4,6], [5,7], [6,8], [7,9], [7,10], [8,11], [9,12], [9,13], [9,14], [9,15], [9,16], [9,17], [9,18], [9,19], [9,20], [9,21], [9,22]
# Episode 59 (Collision)
[4,4], [4,5], [4,6], [5,7], [6,8], [7,9], [7,10], [8,11], [9,12], [9,13], [9,14], [9,15], [9,16], [9,17], [9,18], [9,19], [9,20], [9,21], [9,22]
# Episode 60 (Goal)
[4,4], [4,5], [4,6], [5,7], [6,8], [7,9], [7,10], [8,11], [9,12], [9,13], [9,14], [9,15], [9,16], [9,17], [9,18], [9,19], [9,20], [9,21], [9,22], [9,23], [9,24], [10,25], [10,26], [11,27], [11,28], [11,29], [12,30], [12,31], [13,31], [14,30], [15,30], [16,30], [17,29], [18,29], [19,29], [19,28], [19,29], [19,28], [19,29], [19,28], [19,29], [19,28], [19,29], [19,28], [19,29], [19,28], [19,29], [19,28], [19,29], [19,28], [19,29], [19,28], [19,29], [19,28], [19,29], [19,28], [19,29], [19,28], [19,29], [19,28], [19,29], [19,28], [19,29], [19,28], [18,27], [19,27], [20,27], [21,27], [22,27], [23,27], [24,28], [25,28], [26,28], [27,29], [28,29], [29,30]
# Episode 61 (Collision)
[4,4], [5,5], [6,6], [7,7], [8,8], [8,9], [9,10], [9,11], [9,12], [10,13], [10,14], [9,15], [9,16], [9,17], [8,18], [8,19], [7,20], [8,21], [9,21], [10,22], [11,22], [12,23], [13,23]
# Episode 62 (Collision)
[4,4], [5,5], [6,6], [7,7], [8,8], [8,9], [9,10], [9,11], [9,12], [9,13], [9,14], [9,15], [9,16], [9,17], [9,18], [9,19], [9,20], [9,21], [9,22], [10,22], [11,22], [12,22], [13,22]
# Episode 63 (Goal)
[4,4], [5,5], [6,6], [7,7], [8,8], [9,9], [10,10], [11,11], [12,12], [13,13], [13,14], [14,15], [15,16], [16,17], [17,18], [18,17], [19,17], [20,18], [21,18], [22,19], [23,20], [24,21], [23,21], [24,21], [23,21], [24,21], [23,21], [24,21], [23,21], [24,21], [23,21], [24,21], [23,21], [24,21], [23,21], [24,21], [23,21], [24,21], [23,21], [24,21], [23,21], [24,21], [23,21], [24,21], [23,21], [24,21], [23,21], [24,21], [23,21], [24,21], [23,21], [23,20], [22,19], [21,18], [20,17], [19,17], [18,17], [17,17], [16,17], [15,17], [14,17], [15,18], [16,19], [16,20], [17,21], [18,22], [19,23], [20,24], [20,25], [20,26], [21,26], [22,27], [23,27], [24,28], [25,28], [26,28], [27,29], [28,29], [29,30]
# Episode 64 (Collision)
[4,4], [5,5], [6,6], [7,7], [8,8], [8,9], [9,10], [9,11], [9,12], [9,13], [9,14], [9,15], [9,16], [9,17], [9,18], [9,19], [9,20], [10,21], [11,22], [12,23], [13,23], [14,23], [15,24], [16,24], [17,25], [18,25], [19,26], [20,26]
# Episode 65 (Collision)
[4,4], [5,5], [6,6], [7,7], [8,8], [8,9], [9,10], [9,11], [9,12], [9,13], [9,14], [9,15], [9,16], [9,17], [9,18], [9,19], [9,20], [9,21], [9,22]
# Episode 66 (Collision)
[4,4], [4,5], [4,6], [5,7], [6,8], [7,9], [7,10], [8,11], [9,12], [9,13], [9,14], [9,15], [9,16], [9,17], [9,18], [9,19], [9,20], [9,21], [9,22]
# Episode 67 (Collision)
[4,4], [4,5], [4,6], [5,7], [6,8], [7,9], [7,10], [8,11], [9,12], [9,13], [9,14], [9,15], [9,16], [9,17], [9,18], [9,19], [9,20], [9,21], [9,22]
# Episode 68 (Collision)
[4,4], [4,5], [4,6], [5,7], [6,8], [7,9], [7,10], [8,11], [9,12], [9,13], [9,14], [9,15], [9,16], [9,17], [9,18], [9,19], [9,20], [9,21], [9,22]
# Episode 69 (Collision)
[4,4], [4,5], [4,6], [5,7], [6,8], [7,9], [7,10], [8,11], [9,12], [9,13], [9,14], [9,15], [9,16], [9,17], [9,18], [9,19], [9,20], [9,21], [9,22], [10,22]
# Episode 70 (Goal)
[4,4], [5,5], [6,6], [7,7], [8,8], [9,9], [10,10], [11,11], [12,12], [13,13], [13,14], [14,15], [15,16], [16,17], [17,18], [18,17], [19,17], [20,18], [21,18], [22,19], [23,20], [24,21], [23,21], [24,21], [23,21], [24,21], [23,21], [24,21], [23,21], [24,21], [23,21], [24,21], [23,21], [24,21], [23,21], [24,21], [23,21], [24,21], [23,21], [24,21], [23,21], [24,21], [23,21], [24,21], [23,21], [24,21], [23,21], [24,21], [23,21], [24,21], [23,21], [23,20], [22,19], [21,18], [20,17], [19,17], [18,17], [17,17], [16,17], [15,17], [14,17], [15,18], [16,19], [16,20], [17,21], [18,22], [19,23], [20,24], [20,25], [20,26], [21,26], [22,27], [23,27], [24,28], [25,28], [26,28], [27,29], [28,29], [29,30]
# Episode 71 (Collision)
[4,4], [5,5], [6,6], [7,7], [8,8], [8,9], [9,10], [9,11], [9,12], [9,13], [9,14], [9,15], [9,16], [9,17], [9,18], [9,19], [9,20], [10,21], [11,22], [12,23], [13,23]
# Episode 72 (Collision)
[4,4], [5,5], [6,6], [7,7], [8,8], [8,9], [9,10], [9,11], [9,12], [9,13], [9,14], [9,15], [9,16], [9,17], [9,18], [9,19], [9,20], [10,21], [11,22], [12,23]
# Episode 73 (Collision)
[4,4], [5,5], [6,6], [7,7], [8,8], [8,9], [9,10], [9,11], [9,12], [10,13], [10,14], [9,15], [9,16], [9,17], [8,18], [8,19], [7,20], [8,21], [9,21], [10,22], [11,22]
# Episode 74 (Collision)
[4,4], [5,5], [6,6], [7,7], [8,8], [8,9], [9,10], [9,11], [9,12], [9,13], [9,14], [9,15], [9,16], [9,17], [9,18], [9,19], [9,20], [10,21], [11,22]
# Episode 75 (Collision)
[4,4], [5,5], [6,6], [7,7], [8,8], [9,9], [9,10], [9,11], [10,12], [10,13], [10,14], [10,15], [9,16], [9,17], [8,18], [8,19], [8,20], [9,21], [10,22]
# Episode 76 (Collision)
[4,4], [5,5], [6,6], [7,7], [8,8], [9,9], [9,10], [9,11], [10,12], [10,13], [10,14], [10,15], [9,16], [9,17], [8,18], [8,19], [8,20], [9,21], [10,22]
# Episode 77 (Collision)
[4,4], [5,5], [6,6], [7,7], [8,8], [9,9], [9,10], [9,11], [10,12], [10,13], [10,14], [10,15], [9,16], [9,17], [8,18], [8,19], [8,20], [9,21], [10,22]
# Episode 78 (Collision)
[4,4], [5,5], [6,6], [7,7], [8,8], [9,9], [9,10], [9,11], [10,12], [10,13], [10,14], [10,15], [9,16], [9,17], [8,18], [8,19], [8,20], [9,21], [10,22], [11,22], [12,23], [13,23], [14,23], [15,24], [16,24], [17,25], [18,25], [19,26]
# Episode 79 (Collision)
[4,4], [5,5], [6,6], [7,7], [8,8], [8,9], [9,10], [9,11], [9,12], [9,13], [9,14], [9,15], [9,16], [9,17], [9,18], [9,19], [9,20], [9,21], [9,22]
# Episode 80 (Collision)
[4,4], [4,5], [4,6], [5,7], [6,8], [7,9], [7,10], [8,11], [9,12], [9,13], [9,14], [9,15], [9,16], [9,17], [9,18], [9,19], [9,20], [9,21], [9,22]
# Episode 81 (Collision)
[4,4], [4,5], [4,6], [5,7], [6,8], [7,9], [7,10], [8,11], [9,12], [9,13], [9,14], [9,15], [9,16], [9,17], [9,18], [9,19], [9,20], [9,21], [9,22], [10,22]
# Episode 82 (Goal)
[4,4], [5,5], [6,6], [7,7], [8,8], [9,9], [10,10], [11,11], [12,12], [13,13], [13,14], [14,15], [15,16], [16,17], [17,18], [18,17], [19,17], [20,18], [21,18], [22,19], [23,20], [24,21], [23,21], [24,21], [23,21], [24,21], [23,21], [24,21], [23,21], [24,21], [23,21], [24,21], [23,21], [24,21], [23,21], [24,21], [23,21], [24,21], [23,21], [24,21], [23,21], [24,21], [23,21], [24,21], [23,21], [24,21], [23,21], [24,21], [23,21], [24,21], [23,21], [23,20], [22,19], [21,18], [20,17], [19,17], [18,17], [17,17], [16,17], [15,17], [14,17], [15,18], [16,19], [16,20], [17,21], [18,22], [19,23], [20,24], [20,25], [20,26], [21,26], [22,27], [23,27], [24,28], [25,28], [26,28], [27,29], [28,29], [29,30]
# Episode 83 (Collision)
[4,4], [5,5], [6,6], [7,7], [8,8], [8,9], [9,10], [9,11], [9,12], [9,13], [9,14], [9,15], [9,16], [9,17], [9,18], [9,19], [9,20], [10,21], [11,22], [12,23], [13,23]
# Episode 84 (Collision)
[4,4], [5,5], [6,6], [7,7], [8,8], [8,9], [9,10], [9,11], [9,12], [9,13], [9,14], [9,15], [9,16], [9,17], [9,18], [9,19], [9,20], [10,21], [11,22], [12,23]
# Episode 85 (Collision)
[4,4], [5,5], [6,6], [7,7], [8,8], [8,9], [9,10], [9,11], [9,12], [10,13], [10,14], [9,15], [9,16], [9,17], [8,18], [8,19], [7,20], [8,21], [9,21], [10,22], [11,22]
# Episode 86 (Collision)
[4,4], [5,5], [6,6], [7,7], [8,8], [8,9], [9,10], [9,11], [9,12], [9,13], [9,14], [9,15], [9,16], [9,17], [9,18], [9,19], [9,20], [10,21], [11,22]
# Episode 87 (Collision)
[4,4], [5,5], [6,6], [7,7], [8,8], [9,9], [9,10], [9,11], [10,12], [10,13], [10,14], [10,15], [9,16], [9,17], [8,18], [8,19], [8,20], [9,21], [10,22]
# Episode 88 (Collision)
[4,4], [5,5], [6,6], [7,7], [8,8], [9,9], [9,10], [9,11], [10,12], [10,13], [10,14], [10,15], [9,16], [9,17], [8,18], [8,19], [8,20], [9,21], [10,22]
# Episode 89 (Goal)
[4,4], [5,5], [6,6], [7,7], [8,8], [9,9], [9,10], [9,11], [10,12], [10,13], [10,14], [10,15], [9,16], [9,17], [8,18], [8,19], [8,20], [9,21], [10,22], [11,22], [12,23], [13,23], [14,23], [15,24], [16,24], [17,25], [18,25], [19,26], [20,26], [21,26], [22,27], [23,27], [24,28], [25,28], [26,28], [27,29], [28,29], [29,30]
# Episode 90 (Collision)
[4,4], [5,5], [6,6], [7,7], [8,8], [8,9], [9,10], [9,11], [9,12], [9,13], [9,14], [9,15], [9,16], [9,17], [9,18], [9,19], [9,20], [9,21], [9,22]
# Episode 91 (Collision)
[4,4], [4,5], [4,6], [5,7], [6,8], [7,9], [7,10], [8,11], [9,12], [9,13], [9,14], [9,15], [9,16], [9,17], [9,18], [9,19], [9,20], [9,21], [9,22]
# Episode 92 (Collision)
[4,4], [4,5], [4,6], [5,7], [6,8], [7,9], [7,10], [8,11], [9,12], [9,13], [9,14], [9,15], [9,16], [9,17], [9,18], [9,19], [9,20], [9,21], [9,22], [10,22]
# Episode 93 (Goal)
[4,4], [5,5], [6,6], [7,7], [8,8], [9,9], [10,10], [11,11], [12,12], [13,13], [13,14], [14,15], [15,16], [16,17], [17,18], [18,17], [19,17], [20,18], [21,18], [22,19], [23,20], [24,21], [23,21], [24,21], [23,21], [24,21], [23,21], [24,21], [23,21], [24,21], [23,21], [24,21], [23,21], [24,21], [23,21], [24,21], [23,21], [24,21], [23,21], [24,21], [23,21], [24,21], [23,21], [24,21], [23,21], [24,21], [23,21], [24,21], [23,21], [24,21], [23,21], [23,20], [22,19], [21,18], [20,17], [19,17], [18,17], [17,17], [16,17], [15,17], [14,17], [15,18], [16,19], [16,20], [17,21], [18,22], [19,23], [20,24], [20,25], [20,26], [21,26], [22,27], [23,27], [24,28], [25,28], [26,28], [27,29], [28,29], [29,30]
# Episode 94 (Collision)
[4,4], [5,5], [6,6], [7,7], [8,8], [8,9], [9,10], [9,11], [9,12], [9,13], [9,14], [9,15], [9,16], [9,17], [9,18], [9,19], [9,20], [10,21], [11,22], [12,23], [13,23]
# Episode 95 (Collision)
[4,4], [5,5], [6,6], [7,7], [8,8], [8,9], [9,10], [9,11], [9,12], [9,13], [9,14], [9,15], [9,16], [9,17], [9,18], [9,19], [9,20], [10,21], [11,22], [12,23]
# Episode 96 (Collision)
[4,4], [5,5], [6,6], [7,7], [8,8], [8,9], [9,10], [9,11], [9,12], [10,13], [10,14], [9,15], [9,16], [9,17], [8,18], [8,19], [7,20], [8,21], [9,21], [10,22], [11,22]
# Episode 97 (Collision)
[4,4], [5,5], [6,6], [7,7], [8,8], [8,9], [9,10], [9,11], [9,12], [9,13], [9,14], [9,15], [9,16], [9,17], [9,18], [9,19], [9,20], [10,21], [11,22]
# Episode 98 (Collision)
[4,4], [5,5], [6,6], [7,7], [8,8], [9,9], [9,10], [9,11], [10,12], [10,13], [10,14], [10,15], [9,16], [9,17], [8,18], [8,19], [8,20], [9,21], [10,22]
# Episode 99 (Collision)
[4,4], [5,5], [6,6], [7,7], [8,8], [9,9], [9,10], [9,11], [10,12], [10,13], [10,14], [10,15], [9,16], [9,17], [8,18], [8,19], [8,20], [9,21], [10,22]
# Episode 100 (Collision)
[4,4], [5,5], [6,6], [7,7], [8,8], [9,9], [9,10], [9,11], [10,12], [10,13], [10,14], [10,15], [9,16], [9,17], [8,18], [8,19], [8,20], [9,21], [10,22]
