# Episode 1
[1,1], [2,1], [3,2], [4,3], [5,4], [6,4], [7,4], [8,4], [9,4], [10,5], [11,5], [12,5], [13,6], [14,6], [15,7], [16,8], [16,9], [17,10], [1,1], 
# Episode 2
[1,1], [2,1], [3,2], [4,3], [5,4], [6,4], [7,4], [8,4], [9,4], [10,5], [11,5], [12,5], [13,6], [14,6], [15,7], [16,8], [16,9], [17,10], [1,1], 
# Episode 3
[1,1], [2,1], [3,2], [4,3], [5,4], [6,4], [7,4], [8,4], [9,4], [10,5], [11,6], [12,6], [13,6], [14,6], [15,7], [16,8], [16,9], [17,10], [1,1], 
# Episode 4
[1,1], [2,1], [3,2], [4,3], [5,4], [6,4], [7,4], [8,4], [9,4], [10,5], [11,5], [12,5], [13,6], [14,6], [15,7], [16,8], [16,9], [17,10], [1,1], 
# Episode 5
[1,1], [2,1], [3,2], [4,3], [5,4], [6,4], [7,4], [8,4], [9,4], [10,5], [11,6], [12,6], [13,6], [14,6], [15,7], [16,8], [16,9], [17,10], [1,1], 
# Episode 6
[1,1], [2,1], [3,2], [4,3], [5,4], [6,4], [7,4], [8,4], [9,4], [10,5], [11,5], [12,6], [13,6], [13,7], [14,6], [15,7], [1,1], 
# Episode 7
[1,1], [2,1], [3,2], [4,3], [5,4], [6,4], [7,4], [8,4], [9,4], [10,5], [11,6], [12,6], [13,7], [14,6], [15,7], [1,1], 
# Episode 8
[1,1], [2,1], [3,2], [4,3], [5,4], [6,4], [7,4], [8,4], [9,4], [10,5], [11,6], [12,6], [13,6], [13,7], [14,8], [1,1], 
# Episode 9
[1,1], [2,1], [3,2], [4,3], [5,4], [6,4], [7,4], [8,4], [9,4], [10,5], [9,6], [8,7], [9,7], [10,8], [11,9], [1,1], 
# Episode 10
[1,1], [2,1], [3,2], [4,3], [5,4], [6,4], [7,4], [8,4], [9,4], [10,5], [10,6], [9,7], [10,7], [11,8], [1,1], 
# Episode 11
[1,1], [2,1], [3,2], [4,3], [5,4], [6,4], [7,4], [8,4], [9,4], [10,5], [10,6], [9,7], [10,7], [11,8], [12,9], [1,1], 
# Episode 12
[1,1], [2,1], [3,2], [4,3], [5,4], [6,4], [7,4], [8,4], [9,4], [10,5], [11,5], [11,6], [12,7], [12,8], [12,9], [1,1], 
# Episode 13
[1,1], [2,1], [3,2], [4,3], [5,4], [6,4], [7,4], [8,4], [9,4], [10,5], [11,5], [11,6], [12,7], [12,8], [12,9], [1,1], 
# Episode 14
[1,1], [2,1], [3,2], [4,3], [5,4], [6,4], [7,4], [8,4], [9,4], [10,5], [10,6], [9,7], [10,7], [11,8], [12,9], [1,1], 
# Episode 15
[1,1], [2,1], [3,2], [4,3], [5,4], [6,4], [7,4], [8,4], [9,4], [10,5], [10,6], [9,7], [10,7], [11,8], [1,1], 
# Episode 16
[1,1], [2,1], [3,2], [4,3], [5,4], [6,4], [7,4], [8,4], [9,4], [10,5], [9,6], [8,7], [9,7], [10,8], [11,9], [1,1], 
# Episode 17
[1,1], [2,1], [3,2], [4,3], [5,4], [6,4], [7,4], [8,4], [9,4], [10,5], [9,6], [8,7], [9,7], [10,8], [11,9], [1,1], 
# Episode 18
[1,1], [2,1], [3,2], [4,3], [5,4], [6,4], [7,4], [8,4], [9,4], [10,5], [11,6], [12,6], [13,7], [14,6], [15,7], [16,8], [16,9], [17,10], [1,1], 
# Episode 19
[1,1], [2,1], [3,2], [4,3], [5,4], [6,4], [7,4], [8,4], [9,4], [10,5], [11,6], [12,6], [13,7], [14,6], [15,7], [16,8], [16,9], [17,10], [1,1], 
# Episode 20
[1,1], [2,1], [3,2], [4,3], [5,4], [6,4], [7,4], [8,4], [9,4], [10,5], [11,6], [12,6], [13,6], [14,6], [15,7], [16,8], [16,9], [17,10], [1,1], 
